22  62  -49.0488  4.69069  -155.532  163.15
-211  83  0.102263  -0.202021  -7.90761  7.91208
-211  83  0.622281  -0.0396028  -5.36583  5.40374
2212  83  0.521563  -0.995886  -1.44916  2.06015
-2112  83  0.577918  -1.49213  -1.50139  2.38692
211  84  0.461294  -0.654589  -6.81527  6.86358
-321  83  0.211811  0.321681  -0.118597  0.637282
211  83  -0.387303  -0.579969  8.98645  9.01455
-211  84  0.185124  0.0223428  0.247126  0.33959
-211  83  1.38437  -1.10519  -4.28389  4.63779
211  84  -0.544432  -0.584154  -0.673541  1.05394
211  84  -0.0356731  -0.224656  -0.313009  0.411336
-211  84  -1.53628  -0.440817  1.12952  1.96208
211  84  -1.70592  -1.50529  0.981774  2.48182
321  83  1.03387  -0.23262  1.21249  1.68429
-321  83  0.81661  2.23008  9.88021  10.1736
211  83  0.964277  0.214377  0.663397  1.19807
-211  84  -0.123311  -0.369612  2.98102  3.00962
211  84  0.299811  0.221008  7.56961  7.58006
-211  84  -0.384637  -0.486299  9.57372  9.5948
211  84  0.194343  0.549597  36.1556  36.1606
-211  84  0.629317  -0.106086  43.771  43.7759
-211  84  0.455472  -0.346492  39.9836  39.988
2212  84  -0.519163  0.0781721  526.867  526.868
211  83  0.220899  0.332011  -0.091194  0.432232
2112  83  -0.191457  0.248209  0.427602  1.07884
211  83  -0.569955  1.06081  0.708559  1.40417
211  83  0.330072  0.274229  -5.32231  5.3414
-211  83  0.0110412  -0.153796  -0.935657  0.958493
211  83  0.0275331  0.206086  -2.87617  2.88705
-211  84  0.186705  0.000601358  -2.78914  2.79886
211  84  2.19216  0.946349  -21.1491  21.2839
-211  84  -0.0656816  0.301393  -3.76599  3.78118
-211  83  0.569566  -0.242202  0.143341  0.650457
321  84  0.521979  0.364143  -277.116  277.117
-321  83  0.0824749  -0.492451  -56.9698  56.9741
211  83  -0.457238  -0.119538  -16.4503  16.4577
-211  83  -0.738805  -0.12919  -1.90509  2.05217
-211  84  -1.16871  0.168854  1.16017  1.66129
211  84  1.14053  0.247061  4.34427  4.50044
-211  84  4.73147  0.33388  18.8913  19.4782
211  83  0.180803  0.404427  -0.315433  0.561452
-211  83  1.02269  -0.0565806  -2.74186  2.93025
-211  83  0.152385  0.149581  0.0436393  0.258804
211  83  -0.0570434  -0.218554  0.622639  0.676889
-211  83  -0.0188547  0.289256  2.93661  2.95418
211  83  -0.10406  -0.595356  4.5561  4.59813
-211  83  0.412849  -0.732645  10.5012  10.5357
321  83  4.32467  -3.31321  78.7937  78.9834
-2212  83  0.965949  -0.775714  32.5576  32.5947
211  83  -0.410968  -0.710781  4.58007  4.65518
-321  84  -0.113502  1.24192  42.7077  42.7288
-211  84  -0.213956  -0.0775877  7.04979  7.05484
2212  84  0.929214  0.522703  149.637  149.644
-2112  84  0.447132  0.211401  172.885  172.889
-321  84  0.0128845  0.167453  95.3733  95.3747
211  84  -0.301494  0.392439  35.9029  35.9066
-211  84  -0.242155  -0.357729  69.9259  69.9273
211  84  -2.23908  -0.435759  58.2501  58.2949
-211  84  -0.16167  -0.436584  7.79978  7.81491
211  84  -0.257461  -0.618289  7.61302  7.6437
211  84  0.311905  -0.318134  0.207979  0.511105
-211  84  -0.556117  -0.41022  0.801847  1.0677
321  84  0.212164  -0.358563  1.07809  1.25681
-211  83  -0.129316  -0.25641  0.542604  0.629577
211  83  -0.492445  -0.57572  0.744826  1.07154
-211  83  -0.220757  -0.85334  0.415312  0.98432
2212  83  -0.961376  -1.22547  0.767085  1.97352
2112  83  0.0644417  -0.339097  -0.676456  1.20811
-2212  83  0.247304  -0.936425  -0.630017  1.4884
211  83  0.610937  -2.92949  -4.92352  5.76331
-211  83  0.319502  -1.04166  -1.26261  1.67356
211  83  0.583616  -0.186035  -1.50437  1.63028
2112  83  -0.197464  -1.11311  -4.20388  4.45347
-2112  83  0.324551  0.215093  -2.29925  2.51415
-211  83  0.356028  -0.465587  -0.707045  0.928935
211  83  -0.728251  0.348117  -1.21791  1.46776
-211  83  -0.0237152  0.579755  0.363502  0.698779
-211  83  0.455673  0.551074  0.193324  0.753773
2212  83  -3.01268  1.13095  0.738208  3.43229
211  84  -0.0541895  -0.00737415  0.309454  0.343849
-211  84  -0.329587  0.296664  0.542522  0.714456
211  84  -0.0120845  0.292586  4.72034  4.73147
2112  84  -0.304777  0.67245  29.9323  29.9562
-2212  84  -1.91531  2.42546  138.761  138.798
-211  84  -0.356149  1.30534  63.9505  63.965
-211  84  -0.125421  0.161721  6.13721  6.14221
-211  84  1.5344  -0.250302  8.37161  8.51589
211  84  1.31637  0.516292  7.05706  7.19868
2112  84  0.949105  0.234346  4.67268  4.86543
-2112  84  0.741774  0.367973  1.96413  2.32943
211  84  0.906028  1.71268  4.70359  5.08895
-211  84  0.750604  3.42214  10.2922  10.873
211  84  -0.0015096  1.33051  2.28514  2.64795
-211  84  0.665748  0.374309  1.67605  1.84715
211  83  0.00461367  0.43536  4.00986  4.03584
2112  83  -0.561705  -0.370359  9.91999  9.98707
-2112  83  -0.267652  0.212895  5.94191  6.02545
-211  83  0.543601  0.357385  1.1862  1.36006
-211  83  0.0922052  0.565128  0.657969  0.883332
211  83  -0.0111219  -0.593651  -4.23934  4.283
-211  84  0.104851  0.263486  -0.555202  0.638865
211  84  0.518789  0.087582  -1.37135  1.47543
211  91  -0.428711  0.392075  -6.90263  6.92844
211  91  -0.00149616  -0.0130649  -0.432177  0.454345
-211  91  0.962905  -0.994605  -1.32203  1.91929
-211  91  -0.287685  -0.214651  -3.57253  3.59323
211  91  -0.225897  0.154541  -3.57873  3.59189
-211  91  0.272768  -0.0732378  -25.2359  25.2378
211  91  0.132891  0.374551  -12.2343  12.2415
-211  91  0.0706515  -0.151054  -7.02468  7.02804
211  91  -0.39492  0.237681  2.39138  2.43939
-211  91  -0.325013  -0.0698725  5.64007  5.65158
211  91  6.35565  -5.64557  -28.6689  29.9031
130  91  5.00423  -4.50218  -22.4459  23.4389
130  91  1.26628  -2.21758  -9.20652  9.56707
-211  91  0.0295387  0.146717  0.0965334  0.226267
211  91  -0.0237485  -0.0552348  1.05625  1.06712
-211  91  -0.594018  1.16796  5.01799  5.18813
211  91  0.146076  1.25376  3.88272  4.08513
-211  91  0.0850985  1.08736  3.81611  3.97137
211  91  -0.508974  -0.345086  64.9388  64.9419
-2212  91  -0.345047  -0.298425  0.0783169  1.04623
-211  91  0.136174  0.140026  -0.225059  0.329062
-211  91  0.528265  0.267362  -8.91528  8.93601
2212  91  1.04136  0.27748  -62.962  62.9782
-211  91  -0.162229  0.27401  -19.0209  19.0241
-2112  91  -0.685508  1.12904  -79.037  79.0536
211  91  -0.400647  0.208591  -37.8493  37.8522
-211  91  -0.49615  0.472121  -50.4802  50.485
211  91  -0.680364  0.270151  -16.7338  16.7504
-211  91  0.637279  -0.267832  -102.012  102.014
321  91  -0.28982  -0.390674  -20.2029  20.2148
211  91  -0.0870097  -0.641228  -26.5395  26.5478
-211  91  0.412277  -0.333281  -11.288  11.3013
-211  91  0.117399  0.380356  -1.28693  1.35429
130  91  -0.14665  0.195271  -1.0413  1.17964
321  91  -0.163143  0.328927  0.0690905  0.619114
211  91  -0.446782  -0.617539  1.9763  2.12278
211  91  -0.0472172  -0.00196932  0.751704  0.76601
-211  91  -1.25873  0.331129  2.47269  2.79781
-211  91  0.282713  -0.586825  2.75444  2.83385
-211  91  0.2221  -0.701348  -1.15998  1.38067
211  91  0.186173  -0.0932746  -0.609448  0.658989
211  91  0.0935836  0.174048  -0.256945  0.352918
-211  91  0.146664  0.19885  0.462815  0.54289
211  91  -0.365127  -0.0344581  1.29743  1.35548
-211  91  -0.00125879  0.330214  0.254062  0.439397
2112  91  -0.399519  0.525769  2.19079  2.47354
-211  91  -0.377488  0.0484872  0.422385  0.585437
-2112  91  -0.744932  2.10204  6.99371  7.40056
211  91  -0.0613722  0.0985679  0.175504  0.252515
211  91  -0.539977  1.63588  11.2854  11.417
-211  91  0.054611  0.041027  0.598927  0.618756
130  91  0.231926  -0.383212  22.3618  22.3718
130  91  1.13156  -0.19829  15.7006  15.7504
321  91  -0.542918  -0.457693  13.1366  13.165
-211  91  0.128659  0.00026693  1.8655  1.87513
211  91  -0.351346  0.12717  8.54779  8.55709
211  91  0.176298  0.164113  30.6911  30.6924
-211  91  -0.0664268  0.078883  4.55687  4.56018
321  91  0.372491  0.00773875  121.072  121.073
-211  91  0.29994  0.494553  142.697  142.698
-211  91  -0.733476  -0.52028  32.2568  32.2696
211  91  -1.24316  0.114145  41.5054  41.5244
-211  91  -0.440158  0.758268  5.48843  5.55978
211  91  -0.110516  0.23083  1.25141  1.28491
-211  91  -0.408133  -0.584073  5.31143  5.36083
-211  91  -0.604309  -1.18933  0.613573  1.47501
-2112  91  -0.952883  -2.02289  0.951902  2.60556
211  91  -0.00716537  0.105796  0.209829  0.273408
211  91  -0.0325384  0.696244  0.201693  0.738901
211  91  0.463772  0.452079  0.00293662  0.662532
-2212  91  -1.07815  0.445122  -0.0451259  1.49764
2212  91  0.199792  0.642094  0.390601  1.21866
-211  91  0.0146858  -0.204663  0.386527  0.459332
-211  91  0.129337  0.140461  2.59462  2.60538
211  91  0.155684  0.0320055  38.2039  38.2045
211  91  -0.0604921  0.356569  5.9235  5.93617
211  91  -0.225037  -0.0215234  2.80144  2.81401
-321  91  -0.047273  -0.210629  10.2409  10.2551
211  91  -0.0370696  0.277565  3.84459  3.8573
211  91  0.399191  1.58657  2.62973  3.10024
-211  91  0.5698  0.911986  2.49907  2.7242
-211  91  0.444842  1.7136  5.39381  5.67864
211  91  -0.746558  0.661458  1.00206  1.42073
-211  91  0.255545  0.367144  1.04444  1.14475
211  91  -0.410559  -0.57026  0.875947  1.1316
211  91  -0.537865  0.126524  83.606  83.6079
-211  91  -0.538615  -0.0587935  11.9004  11.9135
211  91  0.17555  -0.248322  0.0225953  0.335368
-211  91  -0.11192  0.274048  -1.19088  1.23503
211  91  -0.278543  -0.472517  -7.96224  7.98233
321  91  -0.091739  -0.384431  -8.67355  8.69657
-211  91  0.146698  0.188965  -4.7979  4.80589
321  91  -0.197442  -0.221931  -11.7981  11.8122
-211  91  0.332033  -0.111565  -5.12073  5.13459
2112  91  -0.366103  0.190481  -412.686  412.688
130  91  0.327791  -0.201384  2.16169  2.25134
130  91  -0.222272  -0.133085  24.4194  24.4259
211  91  -0.203135  -0.291497  -0.665823  0.767486
-211  91  0.058547  -0.244845  -0.43823  0.524311
211  91  0.204226  -0.639362  -1.82615  1.95059
-211  91  0.0181476  0.0310475  -0.419086  0.443178
211  91  0.199372  0.0296053  -1.52017  1.53981
-211  91  0.0588017  0.0672319  -2.96671  2.97134
22  91  -0.339122  0.12128  -4.39533  4.41006
22  91  0.18069  0.0714563  -5.60865  5.61201
22  91  0.0192171  -0.00837849  -0.108275  0.110286
22  91  0.0935812  -0.184012  -5.99651  6.00007
22  91  0.0191146  0.0190304  -0.062314  0.0679011
211  91  0.267723  -0.159674  0.602314  0.692411
-211  91  0.0411019  0.150335  0.0759743  0.22258
22  91  0.236199  -0.10823  2.34319  2.35755
22  91  0.10338  -0.170574  1.95027  1.96044
22  91  1.2072  -1.49597  -6.32266  6.60843
22  91  6.96431  -6.69603  -32.3478  33.7597
22  91  1.1407  -1.08252  -5.93175  6.13667
22  91  0.834864  -0.756593  -4.70532  4.83834
211  91  0.251838  -0.20072  -0.0119932  0.35119
-211  91  -0.165309  -0.119225  -0.140534  0.284203
22  91  -0.287674  0.275223  2.11954  2.15661
22  91  0.0152116  0.0089596  0.0750435  0.0770921
22  91  -0.328433  1.70595  14.5371  14.6406
22  91  -0.120629  0.317492  2.93659  2.95616
211  91  -0.221608  -0.133592  1.22841  1.2631
-211  91  0.0297815  -0.208395  2.1371  2.15198
22  91  0.212204  -0.228751  0.410218  0.515399
22  91  0.257141  -0.455281  0.915306  1.05413
211  91  -0.11865  0.164053  1.11505  1.14184
-211  91  0.338286  0.572045  1.92728  2.04341
22  91  0.00776134  0.0220736  0.0380374  0.0446579
22  91  0.0481842  0.0403491  1.55847  1.55974
211  91  0.0739894  0.0201273  1.09209  1.10364
-211  91  -0.0901565  0.196352  3.6921  3.70105
22  91  -0.0343785  -0.298953  -0.990447  1.03515
22  91  0.0865781  -0.186142  -0.68387  0.714019
211  91  -0.240147  0.356613  -12.5004  12.5085
-211  91  -0.0819897  0.198446  -3.68809  3.69697
211  91  -0.0378695  -0.004604  -1.40987  1.41727
-211  91  -0.0189807  0.286367  -5.28922  5.29883
2112  91  -0.0966956  0.386685  -0.1101  1.02654
211  91  -0.173783  0.10057  -0.217248  0.327095
22  91  0.448505  -0.123142  -1.27055  1.353
22  91  -0.0240132  0.180889  -7.7441  7.74625
22  91  -0.0579445  0.0176458  -1.30423  1.30564
211  91  0.14706  0.128288  -6.65321  6.65753
-211  91  0.00269508  -0.119468  -5.00886  5.01223
22  91  -0.0703129  0.107821  -7.09369  7.09486
22  91  -0.275932  0.222904  -11.3614  11.3669
211  91  -0.031967  0.172536  -26.1815  26.1825
-211  91  0.576586  0.535459  -24.8838  24.8967
211  91  0.0875153  -0.478846  -6.25157  6.27205
-211  91  0.260927  -0.481762  -8.14853  8.16812
2212  91  0.223109  0.128752  -3.63145  3.75954
-211  91  0.0260935  -0.0845397  -0.457191  0.486139
-2112  91  -0.646534  0.195917  -3.63425  3.81404
211  91  -0.172362  0.300892  -1.34358  1.39461
211  91  -0.168663  0.408898  0.177204  0.496513
-211  91  0.265777  0.515734  0.0279921  0.597396
22  91  0.116068  0.0930651  0.0794746  0.168668
22  91  0.00651048  -0.0197946  0.0852048  0.0877158
22  91  0.736212  -0.768869  -1.91735  2.19303
22  91  1.13325  -0.954605  -2.63807  3.02571
22  91  -0.159459  0.128206  -0.542285  0.5796
22  91  -0.0984632  0.139419  -0.213113  0.273038
211  91  -0.406277  0.137682  0.581755  0.736163
-211  91  -0.214344  -0.180966  0.510706  0.59916
211  91  0.156829  0.160196  1.20046  1.22917
-211  91  -0.248877  0.0317464  0.673763  0.732382
211  91  -0.25367  0.485451  2.86807  2.92324
-211  91  -0.0280319  -0.0054964  0.320954  0.351151
22  91  -0.522316  1.88027  7.4347  7.68655
22  91  -0.50159  0.591171  2.6113  2.72396
211  91  -1.29551  3.21705  24.208  24.4556
-211  91  -0.390503  0.635914  5.24651  5.30115
22  91  -0.0138255  0.0206184  0.0904264  0.0937721
22  91  0.259047  0.198338  2.20051  2.22457
22  91  -0.035034  -0.028374  0.124285  0.132209
22  91  -0.130962  0.126508  1.00182  1.01823
22  91  0.139461  0.558826  4.62078  4.65654
22  91  0.00303614  0.204669  2.26113  2.27038
22  91  0.967434  0.0974723  15.2565  15.2875
22  91  0.0796503  0.0453634  1.72389  1.72633
2112  91  4.66168  -3.26942  97.9143  98.0843
22  91  0.0690502  0.161212  5.69989  5.70259
22  91  -0.0122439  0.062381  0.699748  0.70263
22  91  0.225351  0.178209  28.3213  28.3227
22  91  0.137735  0.0974846  30.3591  30.3596
22  91  -0.0320987  -0.0222586  5.98721  5.98734
22  91  -0.212388  0.157732  21.7116  21.7133
211  91  -0.215827  -0.12222  63.1053  63.1059
-211  91  0.112863  -0.116276  23.9234  23.9243
22  91  -0.237647  -0.293111  13.0387  13.0441
22  91  -0.0081882  -0.052734  4.00759  4.00794
22  91  -0.237828  -0.290295  0.340997  0.507062
22  91  -0.742356  -1.23822  1.53622  2.10814
211  91  -0.216898  -0.320201  -0.698708  0.810707
-211  91  0.0902671  -0.36373  -0.448491  0.600892
22  91  -0.0140492  0.0155323  -0.0302922  0.0368274
22  91  -0.653884  -0.189586  -0.582556  0.896035
211  91  -0.0188826  -0.953257  -2.86811  3.02566
-211  91  -0.150166  -0.150079  -0.468191  0.532688
211  91  0.306504  -0.0362852  -0.451582  0.564506
-211  91  0.121843  0.297093  -0.764255  0.84064
22  91  0.48878  0.313673  -0.349484  0.677817
22  91  0.0718562  0.0237666  0.00109016  0.0756925
22  91  -0.218779  0.124002  0.097486  0.269712
22  91  -0.325261  0.0290898  0.0565029  0.331412
22  91  -0.33939  0.262895  0.465907  0.633536
22  91  -0.194393  -0.112721  1.01956  1.04403
211  91  -0.118193  0.243243  0.140157  0.335053
-211  91  -0.0359318  -0.202563  0.107797  0.270966
22  91  -0.150827  -0.107049  0.420818  0.45967
22  91  -0.0637886  0.0334117  0.0892735  0.114696
-2212  91  -0.100887  0.446297  2.39205  2.60991
211  91  0.00790995  -0.00874036  0.171276  0.221256
211  91  0.0275136  0.110812  4.35002  4.35375
-211  91  0.130391  -0.127861  11.428  11.4303
22  91  -0.0588367  0.155319  9.91063  9.91202
22  91  -0.277962  -0.42914  17.027  17.0347
22  91  -0.973866  0.58749  45.0339  45.0482
22  91  -1.32151  0.743559  54.4237  54.4448
22  91  0.0937728  0.113879  21.1219  21.1224
22  91  -0.0372442  0.00555996  3.28567  3.28589
22  91  1.33401  0.0441928  6.18761  6.32993
22  91  0.0781739  0.00708077  0.0597737  0.098662
211  91  0.00497089  0.381124  2.31073  2.34611
-211  91  0.13112  0.15463  0.468645  0.52935
22  91  0.958137  0.41208  5.9552  6.04585
22  91  0.19523  0.0402732  0.913659  0.935152
22  91  -0.228744  0.394118  1.20865  1.2917
211  91  0.193416  1.73432  3.56066  3.96775
-211  91  0.103819  1.79775  4.31689  4.6795
211  91  0.20411  0.843156  1.58299  1.8105
-211  91  0.0875475  1.51238  3.77711  4.07198
22  91  0.026087  -0.024105  0.113628  0.11905
22  91  -0.0815093  0.0674347  0.843017  0.849629
22  91  -0.0441051  -0.0669688  0.101478  0.129336
22  91  -0.209971  -0.00760069  0.126593  0.245298
211  91  -0.275093  0.01553  27.1764  27.1782
-211  91  -0.558031  -0.117663  95.4922  95.494
22  91  -0.0877497  -0.00673657  5.32435  5.32508
22  91  -0.0799977  0.124594  16.0104  16.0111
211  91  -0.454017  0.169149  -2.57294  2.62188
-211  91  -0.0371753  -0.103537  -0.572336  0.599291
211  91  0.106239  0.222432  -11.3871  11.3906
-211  91  0.150698  -0.0752458  -21.2427  21.2438
22  91  0.114937  -0.149275  -1.64554  1.65629
22  91  0.00759553  -0.0556132  -0.151632  0.161687
22  91  0.106542  -0.140049  -0.56966  0.596219
22  91  0.295508  -0.177214  -0.730833  0.807989
22  91  0.163464  -0.200837  -25.7156  25.7169
22  91  0.0207539  0.0159671  -1.12627  1.12657
22  91  0.290132  0.785568  -31.0375  31.0488
22  91  0.0547011  0.258324  -12.5307  12.5334
22  91  0.0214224  0.0464623  4.42422  4.42452
22  91  0.0854455  0.005585  1.50713  1.50956
22  91  -0.0147892  0.350088  11.2305  11.236
22  91  -0.0468726  0.188615  9.98976  9.99165
22  91  8.04823  -8.08536  -38.3306  39.9923
22  91  1.54237  -1.60301  -7.63752  7.95489
22  91  0.00427991  -0.0621276  -0.0134897  0.0637191
22  91  -0.0460798  -0.411112  -0.495729  0.645665
22  91  0.0143939  0.0566655  0.250124  0.256866
22  91  -0.00444903  -0.00232191  1.32181  1.32182
22  91  0.0554175  0.167228  0.123337  0.215054
22  91  -0.0703131  0.131694  0.157277  0.216848
22  91  -0.0332736  0.247951  30.0533  30.0543
22  91  -0.0942282  0.414349  34.1706  34.1733
211  91  0.45306  0.305767  -26.0867  26.0928
-211  91  -0.0594042  0.118239  -6.55767  6.56048
22  91  -0.00772187  -0.056134  -0.605205  0.607852
22  91  0.0873493  -0.016436  -3.25718  3.25839
22  91  -0.0231928  0.138704  -79.6281  79.6282
22  91  -0.0266826  -0.0285006  -16.0382  16.0382
22  91  0.0913822  0.243727  -29.5234  29.5245
22  91  0.0832644  0.0240902  -9.35421  9.35461
22  91  0.117857  0.0374549  -9.33081  9.33163
22  91  0.028264  -0.0521679  -1.82654  1.8275
211  91  -0.348147  -0.124597  -3.30351  3.32706
-211  91  -0.0560529  0.103671  -0.552209  0.581639
22  91  -0.0951789  0.00370615  -17.8372  17.8374
22  91  -0.0433609  0.0708367  -48.0454  48.0455
22  91  -0.0481564  -0.260237  -7.62542  7.63001
22  91  -0.0287176  -0.603408  -23.6882  23.6959
22  91  0.115873  -0.119057  -0.790024  0.807304
22  91  0.199031  -0.264244  -0.883345  0.943259
22  91  0.413641  -0.666915  -1.53155  1.72091
22  91  0.021853  -0.0388696  -0.0347386  0.0565259
22  91  -0.223921  0.332278  0.19798  0.446929
22  91  -0.251432  0.446464  0.0979286  0.521669
211  91  0.0690925  -0.0248478  1.08172e-05  0.157705
-211  91  0.280993  0.589603  -0.180079  0.691735
22  91  0.0649471  0.0386645  0.0454351  0.0881897
22  91  -0.0571511  0.108913  0.113931  0.167656
22  91  -0.077698  -0.150895  1.1915  1.20353
22  91  -0.360214  -0.250164  3.42339  3.45137
22  91  0.0788161  0.00745434  -0.116768  0.141075
22  91  0.527057  -0.205797  -0.461574  0.7302
22  91  0.0252558  0.101129  0.0536133  0.117214
22  91  0.212862  0.167178  0.00638356  0.270739
22  91  0.233601  0.206427  9.85691  9.86184
22  91  0.0563017  0.131106  2.83949  2.84307
22  91  0.0203569  0.181041  4.25326  4.25716
22  91  0.107385  0.584891  20.7465  20.755
22  91  0.0460687  0.114788  19.3668  19.3672
22  91  0.386441  0.379684  61.519  61.5214
22  91  -0.0873865  0.0724209  2.52805  2.5306
22  91  0.04964  0.0494796  2.14197  2.14312
22  91  0.0238907  -0.138887  2.9422  2.94558
22  91  -0.0387384  0.0150603  0.653879  0.655199
22  91  -0.0912825  -0.207544  1.15684  1.17885
22  91  0.014711  0.00764517  0.0265822  0.0313285
22  91  -0.147094  -0.000430295  0.0945306  0.174851
22  91  -0.0240234  0.077918  0.0865593  0.118915
22  91  0.0109407  -0.0124217  -0.0107545  0.0197398
22  91  -0.101741  -0.048451  0.26722  0.290009
22  91  -0.131081  0.423662  0.563848  0.717353
22  91  -0.0359071  0.399745  0.367356  0.544092
22  91  -0.202936  0.391065  0.436794  0.620406
22  91  0.00895661  0.00434013  -0.00485299  0.0110729
22  91  -0.113257  -0.0258241  0.0116345  0.116745
22  91  -0.0236804  0.029442  0.0970718  0.104166
22  91  0.650209  0.505793  0.704944  1.08423
22  91  0.474037  0.28204  0.36353  0.660615
22  91  -0.614841  0.182148  30.9661  30.9727
22  91  -0.312363  0.112599  21.3385  21.3411
22  91  -0.138939  -0.00474944  11.6928  11.6936
22  91  -0.00792489  -0.0360047  11.7438  11.7439
22  91  1.1564  2.96552  7.38539  8.04211
22  91  0.231888  0.514116  1.19033  1.31718
22  91  -0.838108  -0.520087  0.449854  1.08411
22  91  -0.411942  -0.150704  0.209278  0.486009
22  91  0.0416159  -0.0465739  2.71372  2.71444
22  91  0.181501  0.0235104  18.1841  18.185
22  91  0.33526  -0.090195  15.5447  15.5486
22  91  0.119524  -0.0348318  2.94405  2.94668
22  91  -0.254001  -0.256134  0.541421  0.650583
22  91  -0.0811995  -0.137003  0.119565  0.199146
22  91  0.176093  -0.0576951  -1.48538  1.4969
22  91  0.0986173  -0.168615  -1.59781  1.60971
22  91  0.0027686  0.270585  -4.95934  4.96672
22  91  -0.0258787  0.0215948  -1.80549  1.8058
22  91  -0.0969794  0.0814073  -66.1316  66.1318
22  91  -0.0503842  -0.0147711  -97.8608  97.8608
211  91  0.156545  0.039646  -3.39967  3.40637
-211  91  0.698309  0.234358  -28.2424  28.2524
211  91  0.509175  -0.351921  -0.80841  1.02767
-211  91  -0.0118721  -0.0189012  -0.0716347  0.15846
22  91  -0.0367833  -0.294943  -0.310003  0.429472
22  91  -0.0835138  -1.14163  -1.59998  1.96729
22  91  -0.050848  -0.170194  -0.144199  0.22879
22  91  -0.00732657  -0.0941894  -0.255949  0.272829
22  91  -0.216127  0.233196  -1.60011  1.63139
22  91  -0.00886484  -0.00218446  -0.329573  0.329699
2212  91  -0.958537  -0.525358  -4.80046  5.01195
-211  91  -0.34459  -0.0996446  -1.21984  1.27912
-2212  91  -0.409438  -0.509925  -0.890572  1.44953
211  91  -0.158556  -0.0386289  -0.0908429  0.233162
22  91  -0.148045  -0.0695147  -0.0704785  0.178092
22  91  -0.0433815  0.0400503  0.0218219  0.0629458
22  91  -0.044885  0.202388  0.136094  0.247986
22  91  0.0245283  0.000475007  0.0620823  0.0667538
22  91  1.92838  -2.20988  -10.0785  10.4966
22  91  0.0607044  -0.071864  -0.420943  0.431326
22  91  0.922278  -1.20628  -4.85113  5.08322
22  91  0.729366  -0.881741  -4.03643  4.1955
22  91  0.351041  -0.558978  -2.00716  2.11291
22  91  0.352344  -0.344565  -1.53976  1.6167
22  91  0.0838421  0.0284751  -0.148705  0.173071
22  91  0.152354  -0.107115  -0.1564  0.2432
22  91  0.0189851  0.002963  0.0928296  0.0947974
22  91  -0.213106  0.143745  0.765033  0.807064
22  91  0.13758  0.177731  0.400355  0.459131
22  91  0.0875793  -0.000920672  0.232742  0.248676
22  91  0.0511653  0.095625  1.30898  1.31347
22  91  0.369259  0.558892  4.95224  4.99734
22  91  -0.0633261  0.0468175  -0.832184  0.835902
22  91  -0.0538256  0.278255  -5.10242  5.11029
22  91  0.0827593  0.059126  -0.926181  0.931749
22  91  0.175701  -0.0458337  -2.76381  2.76977
22  91  0.0946705  0.00318813  -0.873956  0.879075
22  91  0.0715668  0.154083  -1.29788  1.30895
22  91  0.224787  0.186784  -3.55923  3.57121
11  91  0.159071  0.263557  -3.7922  3.80468
-11  91  0.108768  0.131526  -1.66267  1.6714
-2212  91  0.903344  0.430064  -0.832991  1.60475
211  91  0.115971  -0.0301125  -0.184067  0.260224
22  91  0.258559  0.102993  -0.105573  0.297667
22  91  0.0514373  -0.0225766  0.0210749  0.0599971
22  91  0.0529535  -0.532369  -1.38759  1.48715
22  91  0.0618043  -0.464773  -1.61127  1.6781
22  91  -0.26409  0.142736  -7.71208  7.71792
22  91  -0.0721273  -0.0256161  -1.36822  1.37036
22  91  0.138272  -0.419505  -3.67988  3.70629
22  91  0.0404905  -0.126199  -1.91997  1.92454
22  91  -0.096586  0.0583868  0.0487355  0.122935
22  91  -0.133862  0.342848  0.0974358  0.380733
22  91  0.00175101  -0.000439544  -0.00811808  0.00831639
22  91  -0.0569923  0.239295  0.513565  0.569438
22  91  -0.139864  0.181342  0.686337  0.723536
22  91  -0.0978364  0.0866666  0.838213  0.848342
22  91  -0.564017  0.373577  3.07461  3.14816
22  91  0.0045649  0.00900353  0.0172091  0.0199513
22  91  -0.198538  0.593723  5.29513  5.33201
22  91  -0.026487  0.0581282  1.04281  1.04476
22  91  0.672313  -0.490247  13.5864  13.6118
22  91  0.301881  -0.337839  7.86676  7.87979
22  91  -0.190144  -0.281999  130.073  130.074
22  91  0.00917357  -0.0947384  26.3396  26.3398
22  91  -0.0313041  -0.082074  -0.121136  0.149633
22  91  -0.187544  -1.487  -1.41456  2.0609
22  91  0.0472474  -0.269561  -1.05755  1.09239
22  91  0.0979063  -0.0836335  -0.386434  0.407322
22  91  0.103371  -0.142857  -0.325951  0.370591
22  91  -0.00111802  -0.0207468  -0.261024  0.261849
22  91  -0.014377  0.172419  0.223963  0.28301
22  91  0.0904437  0.0750992  0.116101  0.165225
22  91  -0.0583849  -0.151623  18.6482  18.6489
22  91  -0.0333769  -0.182228  10.1594  10.1611
22  91  0.331961  0.513514  2.53318  2.60593
22  91  0.09685  0.210929  1.34257  1.36248
22  91  0.0644525  0.763528  2.06429  2.20191
22  91  0.375214  2.13853  5.51882  5.93055
22  91  0.0699002  0.657371  2.13411  2.23416
22  91  0.118623  0.434227  1.19123  1.27344
22  91  0.412836  1.22382  3.37258  3.61144
22  91  0.0426329  0.242382  0.525362  0.580148
22  91  0.0174678  -0.0490197  4.20009  4.20041
11  91  -0.197642  -0.200648  19.8354  19.8374
-11  91  -0.0153351  -0.0160274  1.41804  1.41822
22  91  -0.12032  -0.153979  -1.09371  1.11103
22  91  -0.0466469  -0.0694149  -1.29393  1.29663
22  91  -0.0610809  0.0675849  -14.427  14.4273
22  91  -0.122607  0.0811915  -7.86856  7.86993
22  91  0.203886  -0.173341  -237.47  237.471
22  91  0.0132747  -0.0998799  -60.0451  60.0451
22  91  0.108217  -0.181244  -492.214  492.214
22  91  0.219545  -0.114235  -460.721  460.721
22  91  -0.238153  0.00806611  0.234083  0.334032
22  91  -0.00501064  -0.035309  0.0725113  0.0808067
22  91  -0.0537591  -0.0260371  0.0330506  0.0682665
22  91  -0.618471  -0.749385  0.983223  1.38232
22  91  0.0650724  -0.0960463  -9.60727  9.60797
22  91  0.00320056  0.0312539  -0.826143  0.82674
22  91  -0.185785  0.140242  -9.39552  9.3984
22  91  -0.105812  0.118015  -12.4228  12.4238
22  91  0.000366381  0.0303299  -3.09108  3.09123
22  91  0.382106  0.113648  -29.6475  29.6502
22  91  -0.00182976  0.112302  -10.9221  10.9227
22  91  0.0564874  0.135115  -36.2807  36.281
22  91  0.127926  0.0612069  -1.19784  1.20621
22  91  -0.0346332  0.0297933  -0.353768  0.356705
22  91  -0.0732611  -0.0246085  -0.946126  0.949278
22  91  0.0181471  0.0175423  -2.29013  2.29027
22  91  0.0528376  0.154268  -2.20134  2.20738
22  91  0.0628741  0.0156008  -0.36336  0.369089
