22  62  -34.0131  -66.3336  -65.6543  99.3354
2212  84  0.298339  0.050703  2907.6  2907.6
211  84  1.45759  -2.22503  -38.6194  38.7112
211  83  -0.259449  -0.263256  -126.201  126.202
-211  83  0.329837  -0.0768648  -7.09924  7.10868
321  84  -0.16613  0.0887339  -41.5095  41.5129
-211  84  -0.250945  -0.0387493  -24.9598  24.9615
-211  84  -0.511279  -0.00743953  -3.73154  3.76899
211  84  0.0800017  -0.9984  -15.4376  15.4707
-211  83  1.10842  -0.44285  -4.46517  4.62406
321  83  0.419538  -0.937529  -2.93282  3.14644
-321  83  0.116238  -0.17969  -2.26999  2.33289
2112  83  0.0281783  -0.411009  -1.85709  2.12162
211  83  -0.0298098  0.8047  -1.46457  1.67716
-2112  83  -0.803976  0.186914  -0.429988  1.3225
-211  83  -0.800546  -0.829939  -0.446489  1.24439
211  84  -0.491432  0.504075  0.720146  1.0167
321  84  0.201929  0.586548  2.31714  2.44901
-321  84  -0.1897  0.364905  2.87604  2.94695
211  84  -0.209296  0.0356055  1.75449  1.77279
-211  84  -0.255754  0.225286  1.78969  1.82719
-211  85  1.87674  -1.41378  -26.9237  27.0264
211  85  -0.235309  0.37303  -7.56836  7.58249
-211  85  0.0931358  0.363009  -0.929893  1.01224
-211  85  0.376194  1.06882  -3.96361  4.12475
211  86  0.852399  8.67865  -42.7149  43.5962
211  86  2.54846  18.4511  -89.7638  91.6761
-211  86  1.59531  17.4222  -80.6801  82.5553
211  86  0.256853  2.06273  -10.3674  10.5746
211  86  -0.0248717  0.13779  -1.17406  1.19059
-211  86  0.137798  1.0231  -3.17838  3.34475
-211  83  0.0120149  0.313  0.598597  0.689863
321  83  0.037424  -0.55011  1.17522  1.38884
211  84  0.189609  -0.438993  1.44376  1.52728
2112  84  -0.0779516  -0.433117  1.00829  1.44676
-2212  84  0.0230448  -0.872806  1.52011  1.98832
211  84  0.346089  0.276852  -0.133693  0.483507
-211  84  0.202901  -0.431824  -0.187966  0.531462
211  84  0.177743  -0.58543  -0.384339  0.735879
-211  91  2.81545  -3.99931  -86.3137  86.4523
-211  91  -0.0660096  -0.423972  -17.0429  17.0488
211  91  -0.206082  0.0731833  -7.6445  7.6489
-321  91  -0.709245  1.44877  -22.3908  22.4543
211  91  0.114977  0.449545  -9.30684  9.31944
211  91  -0.511986  -0.0640823  -6.82803  6.84892
-211  91  0.120946  1.56064  -18.8756  18.9409
211  91  0.275401  0.0155034  -6.41115  6.4186
211  91  0.0921288  -0.271779  -0.975035  1.02593
-211  91  0.22159  -0.460242  -0.43017  0.68224
-211  91  0.101272  -0.152385  2.19285  2.20489
211  91  0.232994  0.398924  -1.38588  1.4675
-211  91  2.87611  22.2961  -105.223  107.598
321  91  1.1346  7.70043  -39.6018  40.3625
-211  91  0.0338803  1.57251  -6.99748  7.17343
-211  91  0.258114  3.10082  -14.6448  14.9724
211  91  0.617382  2.49193  -12.1799  12.4483
211  91  -0.0615228  -0.200618  -5.22131  5.22739
-211  91  1.08013  0.202725  -35.9678  35.9848
211  91  -0.185678  0.0509843  -3.34959  3.35803
130  91  0.164074  0.254814  -3.83727  3.88125
-321  91  0.160055  -0.760336  -0.629349  1.11514
211  91  -0.153239  -0.341305  0.12255  0.417695
130  91  0.0259717  0.388454  -0.130364  0.645121
-211  91  0.333389  -0.483422  0.467262  0.76332
130  91  -0.0331878  -0.873369  -2.58627  2.77494
211  91  0.592409  1.69132  -11.3597  11.501
211  91  0.114576  -0.232082  185.247  185.247
-211  91  0.243107  0.1884  382.346  382.346
211  91  2.98407  -3.14379  -77.1596  77.2814
-211  91  3.40201  -3.35124  -79.4037  79.5473
22  91  -0.0304093  0.0056681  -10.1169  10.117
22  91  0.0219605  0.0520421  -25.4198  25.4199
22  91  0.72936  0.176732  -107.308  107.31
22  91  0.0558902  0.0399829  -6.25011  6.25049
22  91  -0.351632  0.612651  -9.7037  9.72937
22  91  0.0158384  -0.105514  -0.0914459  0.140522
22  91  0.378474  0.19487  -2.66433  2.69813
22  91  -0.162337  0.264432  -0.0336506  0.312106
22  91  0.0170682  0.0680502  0.0267439  0.0750825
211  91  -0.141066  0.394202  4.46023  4.48201
-211  91  -0.066462  0.0252587  1.05575  1.0673
22  91  0.0159424  -0.0412498  -0.118327  0.126321
22  91  0.276678  -0.038889  -1.47855  1.50472
211  91  0.0957333  0.0160453  -1.18289  1.19504
-211  91  0.297792  -0.052654  -1.50731  1.54367
22  91  -0.167564  -0.0719712  -0.177897  0.254764
22  91  -0.226127  -0.017161  -0.44819  0.502296
22  91  -0.041525  0.000243003  -3.85058  3.8508
22  91  -0.0216918  0.233972  -28.0158  28.0168
22  91  -0.10229  -0.0507214  -9.95734  9.958
22  91  -0.173107  0.0877303  -14.7526  14.7539
22  91  0.0241812  -0.240722  -0.255076  0.351561
22  91  0.0248039  0.0124448  -0.0292536  0.0403222
211  91  0.154442  -0.312355  0.612298  0.718197
-211  91  -0.00922664  -0.329967  1.42436  1.46876
211  91  -0.0758087  0.0115906  -0.0515635  0.167391
-211  91  -0.272247  -0.031243  0.245755  0.393662
2112  91  0.361843  0.886168  -2.51276  2.84833
-211  91  -0.0479496  -0.0171049  -0.517962  0.538847
22  91  0.400855  -0.419594  -9.78956  9.80675
22  91  3.72572  -4.32865  -91.3688  91.5471
22  91  0.31877  -0.0144789  -14.0006  14.0042
22  91  0.554689  -0.20391  -27.4316  27.438
22  91  0.170817  -0.198814  -5.2149  5.22148
22  91  0.36352  -0.464118  -16.463  16.4736
22  91  -0.615609  -0.0276613  -9.55433  9.57418
22  91  -0.0471394  0.0122424  -0.371817  0.374993
22  91  -0.00281531  0.119782  0.092254  0.151216
22  91  0.0508759  0.218384  0.464067  0.515401
22  91  -0.321872  0.267106  -3.06919  3.09756
22  91  -0.0685255  0.0045577  -0.832858  0.835684
22  91  -0.0141794  0.0373548  -0.13294  0.138815
22  91  0.203588  1.3716  -6.10923  6.26462
22  91  0.0220893  0.215474  -1.45353  1.46958
22  91  0.0805936  0.0622531  -0.433345  0.44515
22  91  0.0769415  0.1839  -0.394106  0.441655
22  91  0.244335  0.336353  -0.506927  0.655597
22  91  -0.00470099  0.00841904  0.156701  0.156998
22  91  -0.245983  0.0774205  0.4497  0.518393
22  91  -0.0685851  0.115838  -0.375793  0.399177
22  91  -0.066226  0.00585407  -0.543667  0.547717
211  91  0.0836264  0.472617  -2.70677  2.75253
-211  91  0.336503  1.7702  -6.63395  6.87572
22  91  -0.00562509  0.0100392  4.16853  4.16855
22  91  0.187297  -0.0775734  446.067  446.067
22  91  3.95248  -4.26391  -97.1308  97.3046
22  91  3.1763  -3.27794  -75.191  75.3294
2112  91  -0.130225  -0.204464  -1693.27  1693.27
-2112  91  -0.294864  0.0204021  -202.931  202.933
22  91  -0.537908  0.170888  -10.8983  10.9129
22  91  -0.790452  0.234744  -13.0756  13.1015
22  91  -0.0772453  0.094728  -0.00687571  0.122423
22  91  -0.0545865  -0.0358859  0.0437614  0.0786292
22  91  -0.183884  0.187032  -0.00567261  0.262348
22  91  -0.109471  -0.00182874  -0.0146964  0.110468
22  91  -0.0956227  0.178421  0.106958  0.228949
22  91  -0.140403  0.277314  -0.00773678  0.310927
22  91  -0.0867215  0.0476664  0.310773  0.326148
22  91  0.0300148  -0.0143824  0.344605  0.346209
22  91  -0.102534  -0.0176265  0.967818  0.973394
22  91  -0.00657915  -0.0590262  0.168601  0.178756
22  91  -0.0546673  -0.0303205  2.21666  2.21754
22  91  -0.0251851  0.0716922  0.844134  0.847547
22  91  -0.339216  0.611744  8.85524  8.88282
22  91  -0.0746502  0.267687  4.28768  4.29667
22  91  -0.0380826  -0.0151163  -0.0271381  0.0491453
22  91  0.032121  -0.0295963  -0.373  0.375549
22  91  -0.150968  -0.0573738  0.478518  0.505037
22  91  -0.134383  -0.205673  0.970436  1.00105
22  91  0.0442464  0.0267196  -0.0102001  0.0526851
22  91  -0.0741039  -0.0285279  0.0393008  0.088599
22  91  -0.0926859  -0.0603693  -78.1807  78.1808
22  91  -0.0264675  -0.0155281  -156.75  156.75
22  91  -0.0662298  0.0256839  -26.5386  26.5387
22  91  -0.00152253  0.101277  -12.8551  12.8555
