22  62  -43.9499  -35.2538  -31.7828  64.6883
211  83  2.40713  4.22057  11.0665  12.0869
2112  83  3.16056  4.15823  10.7214  11.9629
-2112  83  1.38859  2.96246  7.80027  8.51066
321  83  -0.510365  0.498376  3.56398  3.66804
-211  83  -1.29013  -1.59485  292.153  292.16
2112  84  1.44962  -0.43413  2.45422  3.03247
211  83  -0.197962  -0.271823  -0.205616  0.418132
2112  83  -0.394942  0.328424  1.1014  1.53614
-2212  83  0.0209268  0.784062  0.571248  1.34977
211  84  0.181527  0.100992  -18.3867  18.3884
-211  84  -0.372804  0.112206  -100.704  100.705
211  83  0.0218962  -0.112929  0.348042  0.392232
211  83  0.125467  -0.814299  0.224307  0.865227
211  84  -0.0139737  -0.0519539  -0.185991  0.238677
2212  84  0.0512801  -0.250634  -8.09145  8.14969
-2112  84  1.00965  -0.694385  -8.37259  8.51379
211  84  -0.228626  -0.238503  -80.7992  80.8
-2112  83  0.154325  -0.209409  -4.25054  4.36091
-211  83  0.512723  0.2484  -20.6506  20.659
-211  83  0.31029  0.220423  -21.9397  21.9435
321  83  0.0178028  -0.0930926  -6.90548  6.92375
211  83  -0.551865  0.00767491  0.864849  1.0354
-211  83  0.412232  0.0602252  0.931281  1.02972
211  83  -0.258488  0.130837  0.26544  0.416981
-211  84  0.0125485  -0.0879527  11.4606  11.4618
2212  84  1.84636  -0.812135  51.5028  51.5508
-2112  84  0.684989  -0.13721  24.7588  24.7864
-211  84  0.990027  -0.0690671  23.7537  23.7748
2212  84  0.25474  -0.17279  6.31123  6.38802
-2112  84  0.267679  0.0181334  8.62651  8.68167
-211  84  -0.151163  0.264469  1.89075  1.92021
-211  84  -0.444101  0.316454  0.686306  0.887617
2212  84  -0.146506  0.629804  1.2427  1.68605
-2112  84  -1.75754  0.0775879  0.704795  2.1153
-211  84  -0.24461  0.555316  0.0110947  0.622746
321  84  -0.558753  -0.0560311  -0.0867445  0.752721
-211  84  0.281151  0.00935129  0.0279001  0.315264
211  84  0.406828  -0.485508  0.130261  0.661569
-321  84  0.259476  -0.300684  0.516126  0.817218
211  84  0.963039  -0.164707  0.519946  1.11552
-211  84  0.47059  -0.133788  0.0330584  0.509831
211  84  0.63282  0.506596  0.600661  1.01852
211  83  -0.598372  0.529615  -88.6486  88.6524
211  83  -0.0600551  0.00661323  -4.74585  4.74828
-211  83  -0.0191452  -0.0654214  -4.75163  4.75417
211  83  0.167749  -0.189071  -4.42041  4.42983
211  84  0.15459  -0.0561544  0.320557  0.386378
-211  84  0.134424  -0.83352  0.804457  1.1745
-211  84  0.0294432  0.529078  31.1358  31.1407
211  83  1.29287  0.586754  172.024  172.03
2112  83  0.372247  -0.0842993  90.3233  90.329
211  83  -0.0136019  0.564369  70.307  70.3094
321  83  0.310894  -0.607274  3.25135  3.35863
2212  83  0.216321  -0.113678  -1.82334  2.0651
-2212  83  -0.292196  -0.399546  -6.31148  6.40001
-2112  83  1.24898  -1.02021  -136.985  136.998
-211  83  0.375601  0.201504  -30.0593  30.0626
211  83  -0.0153789  -0.17652  -6.91625  6.91993
-211  83  0.0310583  -0.946619  -0.0665857  0.95967
211  83  0.5137  0.905384  0.691579  1.25752
-211  83  0.359879  0.480963  0.93263  1.11809
-321  84  -0.356227  0.340438  -0.771057  1.03973
2112  84  -0.379256  0.108177  1.989  2.23483
-211  84  0.0522081  0.168338  1.81206  1.82596
2112  84  0.351244  -0.350605  71.188  71.196
211  84  0.74929  -1.36153  198.174  198.18
-211  91  3.89666  5.1816  15.4017  16.7112
211  91  0.157683  0.0544841  -43.2005  43.201
-211  91  -0.59956  -0.627452  -72.4374  72.4427
-211  91  -0.360448  -0.00198837  -55.5478  55.5492
211  91  -0.04325  0.358014  -68.7615  68.7625
-211  91  -0.0698003  0.350371  1.28934  1.34518
130  91  -2.29046  -0.299629  4.0189  4.6621
211  91  -1.15747  -0.675346  273.444  273.447
130  91  0.426781  -0.583973  17.64  17.6618
-211  91  0.268177  0.405209  1.96092  2.02504
211  91  0.217832  0.237009  0.683075  0.767917
211  91  -0.142187  0.973514  0.687194  1.20816
-211  91  -0.85594  0.434644  0.358379  1.03415
211  91  -0.569737  -0.054179  -0.898005  1.07398
-211  91  0.277564  -0.621468  -6.84501  6.88018
211  91  0.0088269  -0.378881  -275.569  275.569
-211  91  -0.388603  -0.165827  -142.98  142.98
-211  91  1.21431  -1.74848  2.73438  3.46815
-211  91  0.303905  -0.182539  1.24071  1.29789
-211  91  0.113339  -0.248113  -0.744496  0.805084
-211  91  0.0576638  -0.596018  -3.02518  3.08703
211  91  -0.0626304  -0.202585  -63.7294  63.7299
-211  91  -0.594768  0.158493  -12.095  12.1114
2112  91  0.38914  0.228882  -594.842  594.843
-321  91  -0.264187  -0.153936  -16.9575  16.9674
211  91  -0.15483  -0.380841  -5.48459  5.50174
211  91  -0.178464  -0.379793  -18.747  18.7523
-211  91  0.33106  0.0130136  -2.10617  2.13664
211  91  0.342111  -0.0792671  -2.18266  2.21513
-211  91  -0.278494  0.0701601  -1.72016  1.74954
211  91  0.211253  -0.222025  -0.222862  0.40382
-211  91  0.289767  0.673177  -0.217187  0.777034
211  91  0.295073  0.202616  -0.12036  0.402601
-211  91  -0.378004  0.246555  0.0646311  0.476795
211  91  0.651093  0.0928515  2.5684  2.65494
-211  91  -0.183492  0.151184  2.5786  2.5933
211  91  0.359145  0.27768  2.0087  2.06408
211  91  0.165713  -0.22245  0.147503  0.343775
-211  91  -1.22882  0.843557  0.588555  1.60856
211  91  -0.0141106  0.383805  -0.0784608  0.416102
-211  91  -1.48491  0.289496  0.827412  1.72999
130  91  0.283922  -0.291875  1.07722  1.25452
130  91  0.378028  0.132708  1.68066  1.79799
321  91  0.151838  -0.200031  -0.471034  0.72709
-211  91  0.170167  0.326775  -0.137526  0.417291
211  91  -0.449998  0.375162  -16.6165  16.6274
-211  91  0.0737707  0.175327  -1.69362  1.70998
-211  91  -0.0390025  0.141661  -24.2535  24.2544
211  91  0.184976  0.0580718  -2.77275  2.78302
-211  91  -0.577308  0.330499  -7.78019  7.80982
-211  91  -0.50195  -0.37837  0.373122  0.744189
211  91  -0.476191  0.106875  2.08032  2.14135
211  91  -0.228383  -0.275837  5.34592  5.35972
-211  91  -0.607745  -0.881173  5.19127  5.30232
211  91  0.0697109  -0.232867  5.70063  5.70752
2112  91  0.585503  -0.122258  549.414  549.415
211  91  0.0213541  -0.249902  141.923  141.923
211  91  0.143632  -0.134453  52.0541  52.0547
-211  91  -0.10974  0.640779  94.7647  94.767
-321  91  0.434387  0.555935  210.108  210.11
-2212  91  0.279228  0.356942  31.6327  31.6499
-211  91  -0.0113335  -0.0521024  18.814  18.8146
130  91  -0.402535  -0.0829798  4.26089  4.30949
-211  91  -0.331173  0.152368  -0.0118321  0.390527
211  91  -1.3422  -0.999317  -27.8433  27.8939
2112  91  -0.516245  -0.5418  -28.9217  28.9466
211  91  -0.539988  0.345884  -22.5234  22.533
-211  91  0.217577  -0.233253  -6.22218  6.23192
-211  91  0.208534  -0.0399073  -10.4929  10.496
211  91  2.02512  0.57452  -126.839  126.856
-211  91  2.02642  0.0298555  -125.45  125.466
211  91  -0.070295  0.350105  -0.252784  0.459233
-211  91  0.0110876  -0.548523  0.248274  0.618159
321  91  -0.562811  0.430836  -0.993878  1.31677
211  91  -0.139086  0.211689  -0.467827  0.549999
130  91  0.212257  -1.0215  0.486343  1.25406
211  91  -1.06944  -1.13737  2.6897  3.11308
-211  91  0.0340914  -0.0142938  0.085786  0.167945
-2112  91  -0.105397  -0.108131  2.67195  2.83636
211  91  -0.0822988  0.180502  1.36263  1.38405
130  91  0.151526  0.0456332  -17.6965  17.7042
130  91  -0.240153  -0.062208  -1.1381  1.26666
-11  91  8.13527  9.91056  29.2968  31.9798
12  91  3.71485  4.06056  12.3246  13.4975
-211  91  -0.232624  -0.190097  -16.1409  16.1443
22  91  0.00832597  -0.0336691  0.00157466  0.034719
22  91  0.203233  0.00984775  0.236946  0.31232
22  91  -0.243787  -0.424209  43.9098  43.9125
22  91  -0.0352975  -0.142445  8.67762  8.67886
211  91  0.161425  -0.392395  47.6224  47.6244
-211  91  0.146284  -0.0618882  51.8391  51.8395
22  91  -0.0253412  0.0247655  2.64024  2.64048
211  91  -0.244196  -0.118489  1.98235  2.00571
-211  91  0.0427051  -0.0973117  5.71038  5.71308
211  91  0.113587  -0.646852  -0.213508  0.704546
22  91  0.04814  -0.014846  0.0054959  0.0506761
211  91  -0.210371  0.0564111  0.108375  0.28047
-211  91  0.0110298  -0.174962  0.0354459  0.226869
211  91  0.157517  -0.0647932  0.0220852  0.221308
-211  91  -0.250088  -0.297118  0.165364  0.444576
211  91  0.194884  -0.0103534  -1.766  1.78222
-211  91  -0.00594265  -0.0759788  -4.91035  4.91293
22  91  -0.0198995  0.0428468  -1.38794  1.38874
22  91  0.172099  0.109733  -4.05674  4.06187
211  91  0.293238  -0.593022  1.28759  1.45432
-211  91  0.589601  -0.967013  2.18049  2.46105
22  91  0.0137805  0.133236  0.276451  0.307192
22  91  -0.105131  0.117561  0.1901  0.247004
211  91  0.0287672  0.02327  -0.196711  0.244017
-211  91  -0.257497  -0.172712  0.128782  0.363591
22  91  -0.203964  -0.0284534  -0.435265  0.481525
22  91  -0.465899  -0.22698  -1.46418  1.55319
22  91  0.0456942  0.03697  -0.0579963  0.0825731
22  91  0.137503  0.12029  -14.4481  14.4493
22  91  0.0690821  -0.0233999  -3.16631  3.16715
22  91  0.211632  0.30763  -19.9903  19.9938
22  91  0.2244  -0.189486  -32.2779  32.2793
211  91  0.0112854  -0.323891  -35.8612  35.8629
-211  91  0.24553  -0.702382  -47.256  47.2621
211  91  -0.394773  0.355758  0.672877  0.868708
-211  91  -0.243819  0.174787  0.044408  0.333841
22  91  0.570118  -0.0789047  -140.362  140.363
22  91  0.427691  0.0217999  -85.8556  85.8567
2112  91  0.524999  0.26096  -197.28  197.283
211  91  -0.0656395  0.135233  -22.0087  22.0096
-2212  91  0.198854  1.17521  -96.1218  96.1338
22  91  -0.32343  -0.0611056  -4.76337  4.77473
22  91  -0.127069  0.0141007  -3.30537  3.30784
211  91  -0.127007  0.0845902  -0.659847  0.691494
-211  91  -0.0793523  0.309355  -3.36768  3.38567
211  91  0.033461  -0.138698  0.150465  0.249952
-211  91  -0.414527  -0.209583  0.195704  0.523008
22  91  -0.0206292  -0.0753293  7.81285  7.81324
22  91  0.0288145  -0.10716  3.12961  3.13157
22  91  -0.0288274  0.165818  8.39608  8.39777
22  91  -0.103559  0.0435364  4.55534  4.55672
22  91  0.716644  -0.44723  18.0336  18.0533
22  91  0.182798  -0.0952424  6.01757  6.0211
22  91  0.0376902  -0.487947  103.885  103.886
22  91  0.0155624  -0.0446443  4.39571  4.39596
22  91  0.306766  0.536834  100.487  100.489
22  91  0.206282  0.626697  114.521  114.523
22  91  -0.240648  0.120244  20.7283  20.7301
22  91  -0.0700769  -0.0299712  8.96936  8.96968
211  91  -0.130296  0.0504056  0.263304  0.32913
-211  91  0.286031  0.270612  0.224311  0.474172
22  91  0.0267993  0.0262238  -0.0028852  0.0376061
22  91  0.0098658  -0.146602  0.00136098  0.146939
22  91  -0.369969  -0.396114  -7.00846  7.02939
22  91  -0.293795  -0.502989  -8.25418  8.2747
2112  91  1.95247  -0.0928307  -131.877  131.895
211  91  0.175081  0.119578  -10.75  10.753
211  91  0.285099  -0.00869845  -0.339505  0.464866
-211  91  -0.171523  0.0400452  -0.527252  0.573148
22  91  -2.53285  1.97812  -1.83141  3.69897
22  91  -0.00521175  0.00227674  0.00227176  0.00612428
22  91  -0.547616  0.100381  -0.299764  0.632312
22  91  -0.834962  0.324048  -0.513934  1.03262
211  91  -0.0544256  -0.180734  0.461191  0.517498
-211  91  -0.207642  -0.0616229  0.12625  0.286935
211  91  -0.157548  0.151856  0.305649  0.400977
-211  91  -0.355003  0.010049  0.315001  0.494807
22  91  0.254613  0.624397  52.8211  52.8254
22  91  0.0989724  0.142997  18.8936  18.8944
22  91  -0.0890795  -0.094341  12.4307  12.4314
22  91  -0.226017  -0.134288  12.9649  12.9676
-2212  91  -0.0209369  -0.652459  180.59  180.594
22  91  0.665304  1.3414  3.38637  3.70264
22  91  1.34362  2.58795  7.05399  7.63293
22  91  -0.095956  -0.154117  -7.29139  7.29365
22  91  -0.206528  -0.478833  -31.5466  31.5509
22  91  -0.00147705  -0.00839769  -0.0468447  0.0476144
22  91  0.0846968  -0.183139  -13.5788  13.5803
22  91  0.565412  1.73503  3.56116  4.00149
22  91  0.000896228  -0.00129889  0.0160167  0.0160943
22  91  -0.0847801  -0.0369411  9.08184  9.08231
22  91  -0.160554  -0.327708  27.8459  27.8483
22  91  -0.0668175  0.138015  1.50345  1.51125
22  91  -0.23063  0.161162  1.83067  1.85217
22  91  -0.00870635  -0.0138088  -0.00661325  0.017613
22  91  0.20718  0.172758  -0.267204  0.379693
22  91  -0.00446954  0.0222976  -0.240028  0.241103
22  91  0.0459056  0.105447  -10.3281  10.3287
22  91  0.290886  -0.065747  0.36334  0.470057
22  91  -0.00700888  -0.022338  0.0608762  0.0652229
22  91  0.0583631  -0.170211  0.135854  0.225464
22  91  -0.0361334  -0.488995  0.246913  0.548988
22  91  1.73169  -0.468638  -4.89485  5.21325
22  91  0.0622886  0.000560502  -0.232049  0.240264
22  91  0.363271  0.066967  -3.76208  3.78017
22  91  0.124807  0.026983  -0.701699  0.713222
22  91  -0.0176635  0.0156798  -12.4074  12.4074
22  91  0.248024  0.324577  -177.914  177.915
22  91  0.405531  0.23259  -2.22817  2.27669
22  91  0.0347328  0.0465497  -0.133304  0.145407
22  91  -0.0155056  -0.00784809  -0.506274  0.506572
22  91  -0.0670121  0.397325  -12.8396  12.8459
22  91  -0.219568  0.153291  -1.80806  1.82779
22  91  -0.250755  0.209556  -1.40386  1.44139
22  91  -0.329459  0.45983  -0.303564  0.64198
22  91  -0.101053  0.152833  -0.195602  0.268011
22  91  0.00187782  -0.0093203  -0.0099079  0.0137317
22  91  0.332394  0.292233  0.0833573  0.450371
22  91  -0.0437572  0.0974499  1.4431  1.44705
22  91  -0.319744  0.150936  4.56311  4.57679
22  91  0.0236825  0.0174787  0.0904978  0.0951641
22  91  0.0967483  -0.0756008  0.0193235  0.124294
22  91  -0.000856686  -0.308256  0.649409  0.718856
22  91  -0.0117215  -0.147272  0.599302  0.617244
22  91  -0.0241903  0.0640409  -1.52694  1.52847
22  91  -0.267944  0.134657  -3.70117  3.71329
211  91  0.335427  -0.157551  -0.774415  0.869788
-211  91  0.038431  0.147115  -0.206422  0.291907
22  91  -0.140748  -0.162545  0.550043  0.590575
22  91  -0.0935352  -0.288312  0.527736  0.608587
22  91  -0.105359  0.0415451  7.54703  7.54788
22  91  -0.117352  0.255405  21.2395  21.2414
22  91  0.426903  0.408577  112.041  112.043
22  91  0.610245  0.775772  168.165  168.168
22  91  0.0977061  0.0686877  -0.217056  0.247745
22  91  0.159781  -0.0612936  -0.341939  0.382373
22  91  -0.102265  -0.205991  -4.09011  4.09657
22  91  -0.390619  -0.925976  -13.5946  13.6317
22  91  -0.113825  -0.211455  -7.06945  7.07353
22  91  0.0107679  -0.0396349  -3.58025  3.58049
-2112  91  -0.303682  -0.303449  -43.9524  43.9645
22  91  0.0718705  0.081198  -0.544128  0.554828
22  91  0.103655  0.0435692  -1.68386  1.68761
22  91  0.112079  -0.0187929  -0.358942  0.376503
22  91  0.165656  -0.206733  -0.600996  0.656793
22  91  -0.0821491  0.011826  -0.00280502  0.0830433
22  91  -0.216725  0.233247  0.150614  0.35222
22  91  -0.0500901  0.00727148  -0.0233997  0.0557623
22  91  -1.68086  1.07932  -0.990314  2.22956
211  91  -0.469012  -0.0356976  0.101978  0.501124
-211  91  -0.370949  0.356481  0.0164603  0.533322
22  91  -0.0755969  -0.149351  3.08812  3.09265
22  91  -0.125915  -0.0891846  1.44564  1.45386
211  91  -0.0344643  -0.0207472  -0.541077  0.560234
-211  91  -0.0289485  0.559774  -3.5117  3.5589
211  91  -0.130895  -0.0144096  0.0541956  0.199394
-211  91  0.0146419  -0.366147  -0.258686  0.469762
130  91  -0.383721  -0.852519  -114.497  114.502
211  91  0.180726  -0.217882  -9.25464  9.26002
-211  91  -0.419267  -0.989621  -66.7303  66.7391
22  91  -0.310516  -0.161161  0.765227  0.841407
22  91  -0.126242  -0.037426  0.53793  0.553811
22  91  -0.0637003  -0.0248904  0.037531  0.0780118
22  91  -0.10727  -0.189849  0.404524  0.459553
22  91  -0.021464  -0.0289586  0.177099  0.18073
22  91  -0.220022  -0.0525564  0.283141  0.362409
22  91  -0.121474  -0.278821  3.12405  3.13882
22  91  -0.00659762  -0.022868  1.04521  1.04548
22  91  0.628791  -0.459987  0.667217  1.02574
22  91  1.34482  -1.05  1.21668  2.09556
211  91  -0.140295  0.427504  0.0315744  0.472144
-211  91  0.399416  -0.206476  -0.095962  0.480473
22  91  0.0527188  -0.0616225  -0.00976301  0.0816818
22  91  0.238977  0.0183597  0.0533286  0.245543
22  91  -0.186597  0.0755081  0.0706183  0.213323
22  91  0.00536821  -0.023504  0.0324612  0.040435
22  91  -0.0255857  0.106648  -2.0991  2.10197
22  91  -0.15787  0.0482575  -2.73271  2.73769
22  91  0.00577364  -0.0942935  0.10658  0.142421
22  91  0.0518334  -0.131035  0.534706  0.552963
22  91  0.0183282  -0.00713548  -0.0124713  0.0232889
22  91  -0.0472387  0.0165743  0.223624  0.229159
22  91  -0.0251753  0.0697884  -0.0148714  0.0756662
22  91  0.14124  0.117207  -0.0125135  0.183964
22  91  0.0331918  0.00663757  -0.119734  0.124426
22  91  0.152939  0.159627  -0.150709  0.267552
22  91  0.288423  -0.167015  -0.232773  0.406528
22  91  0.261283  0.38463  -0.500038  0.682823
22  91  0.0500775  0.00695743  -0.172214  0.179482
22  91  0.0662883  -0.201181  -0.928371  0.952229
22  91  0.0887983  -0.0461069  -0.234498  0.254952
22  91  -0.0471193  -0.0414813  -0.0913279  0.110823
22  91  0.256348  -0.245479  -2.00694  2.03808
22  91  0.0339766  -0.0123546  -0.0662825  0.0755011
2212  91  0.521617  0.208137  -4.18388  4.32442
-211  91  0.0840963  0.0853168  -0.385964  0.42755
22  91  0.0151833  0.0231685  -0.773354  0.77385
22  91  -0.10395  -0.0798143  -1.31837  1.32487
22  91  -0.0498265  0.00780302  -0.26409  0.268863
22  91  0.0724561  0.0623263  -0.996661  1.00123
22  91  0.0675503  0.0470009  -0.341842  0.351608
22  91  0.0306023  0.133639  -1.57297  1.57893
22  91  -0.125542  -0.199064  -14.471  14.4729
22  91  -0.105583  -0.114452  -18.6864  18.6871
22  91  -0.0887595  0.14678  0.195865  0.260356
22  91  -0.225421  0.197175  0.625895  0.693857
22  91  0.0621149  0.0620937  -4.88715  4.88793
22  91  0.0293982  0.0711273  -0.992123  0.995104
22  91  0.00224541  -0.0129337  -0.0784701  0.0795606
22  91  -0.0673966  0.219202  -5.2503  5.25531
22  91  0.104501  0.109318  0.115829  0.190493
22  91  -0.0162091  -0.0207949  0.0530958  0.0592817
22  91  0.0477297  0.00286242  0.139535  0.1475
22  91  -0.0444169  0.146095  0.371291  0.401464
22  91  0.064185  -0.0284299  0.299908  0.308015
22  91  -0.0392266  -0.0697688  0.116973  0.141736
22  91  -0.0149721  0.00314821  0.570252  0.570457
22  91  -0.037725  -0.0676041  0.173094  0.189618
22  91  -0.0746289  0.0717502  -0.00847226  0.103872
22  91  -0.0155421  -0.0561078  -0.0207369  0.0618034
22  91  -0.143079  -0.00780785  -1.06124  1.07087
22  91  -0.0861271  -0.12061  -1.52385  1.53104
22  91  -0.152431  0.0942349  -1.8849  1.8934
22  91  -0.173249  -0.034154  -2.27719  2.28402
22  91  -0.020535  0.00930475  -0.0215076  0.0311583
22  91  -0.0254114  0.024109  -1.01933  1.01993
22  91  -0.01367  -0.00841061  -0.0674667  0.0693495
22  91  0.129763  0.212783  -0.418298  0.486918
22  91  -0.282949  0.187198  0.151831  0.371693
22  91  0.0142858  0.0152726  0.0218699  0.0302594
22  91  -0.00202239  -0.0330413  0.302843  0.304647
22  91  -0.208027  -0.0107467  0.762719  0.790652
22  91  0.0458788  -0.0600379  3.66881  3.66959
22  91  -0.0888124  -0.0421294  5.78225  5.78308
22  91  -0.0575921  0.167346  -1.31132  1.32321
22  91  -0.188126  0.143731  -2.40907  2.42067
22  91  0.0757348  0.0711727  -1.54107  1.54457
22  91  0.0906971  0.294541  -2.63857  2.65651
22  91  0.054143  0.0355141  -6.89033  6.89063
22  91  -0.0182155  -0.0674377  -3.637  3.63767
22  91  0.0581804  -0.255738  9.38848  9.39214
22  91  -0.0751458  -0.400377  15.6935  15.6988
22  91  -0.0608865  -0.0207172  1.658  1.65925
22  91  0.0477293  0.0418128  3.51938  3.51995
22  91  0.218919  0.133241  3.10561  3.11616
22  91  0.0915634  0.0958165  3.14808  3.15087
22  91  0.0615257  0.0323821  0.377985  0.384326
22  91  -0.0490319  -0.0358997  0.183479  0.193281
22  91  0.0150074  -0.0358841  0.136681  0.142107
22  91  -0.0229041  0.00677981  1.56577  1.56595
22  91  -0.276526  0.321308  14.8207  14.8267
22  91  -0.00483644  -0.0113324  0.92132  0.921402
22  91  2.02287  2.76482  7.82162  8.53897
22  91  4.75068  6.29762  17.593  19.2806
22  91  0.896225  0.204735  0.389191  0.998301
22  91  0.124629  0.0235604  0.00261792  0.126864
22  91  0.827547  0.321587  0.081733  0.89159
22  91  0.101241  0.0497702  -0.0370503  0.118742
-2212  91  3.93001  -0.598651  -0.105589  4.08593
-321  91  -0.250185  0.0763093  -0.540306  0.777217
211  91  0.102055  -0.254442  0.0909421  0.32079
-211  91  -0.204711  -0.548345  -0.141271  0.618083
211  91  0.375091  -1.63964  0.211476  1.70097
-211  91  0.282519  -0.173339  -0.158856  0.393165
22  91  0.122679  -0.114172  -0.00832765  0.167794
22  91  0.291698  -0.0601001  -0.0971758  0.313277
22  91  0.138072  -0.0626452  -0.253461  0.295349
22  91  0.232883  -0.153032  -0.197114  0.341332
22  91  0.0716049  -0.969277  -0.194262  0.991142
22  91  0.0102342  -0.321198  -0.14455  0.352374
22  91  0.276497  0.435033  1.2946  1.39345
22  91  1.8759  2.80413  7.60545  8.32016
22  91  0.129269  0.206224  0.601025  0.648437
22  91  0.760724  0.732198  2.3217  2.55051
