22  62  71.7493  27.8735  445.742  452.339
211  84  -0.142193  -0.00627747  -0.356997  0.408883
2112  83  -1.21775  0.0905989  -20.8127  20.8696
-2112  83  -1.07593  -0.127689  -26.0508  26.0903
-211  84  0.199604  -0.132997  -64.5122  64.5128
-211  83  0.00356726  0.032211  1.86786  1.87335
321  83  0.393876  0.522463  1.6892  1.87756
-321  83  -0.0828335  -0.533403  1.11234  1.33132
211  83  -0.0790667  0.0164676  0.843937  0.859204
-321  83  -0.0682713  -0.667387  1.04044  1.33278
211  84  -0.499503  -0.535429  8.09851  8.13275
-211  84  0.0465132  0.0782564  24.5809  24.5815
211  84  0.412674  -0.757124  65.6331  65.6389
-211  84  0.34168  0.66299  42.9729  42.9796
211  84  0.785258  -1.04536  101.508  101.517
321  84  -0.459769  0.811437  44.545  44.5575
211  84  -0.120991  0.0368668  1.96885  1.97784
-211  83  0.32598  0.31229  -19.142  19.1479
-211  83  -0.0812167  0.0625053  -16.5293  16.5302
-211  83  -0.6583  0.571364  -11.3325  11.3668
211  83  0.589066  0.833171  -6.22187  6.30653
-211  83  -0.980781  -0.0222661  -3.36647  3.50928
-211  84  -0.0916211  -0.0366179  -0.104342  0.200255
211  84  0.0650969  -1.00626  2.07879  2.31466
-211  84  1.21107  0.271383  2.52615  2.81802
-211  84  0.557659  0.0383192  1.5285  1.63348
-211  84  -0.855604  -0.273855  9.08397  9.12935
-321  84  -0.0327009  -0.145977  8.6927  8.708
-321  84  -1.76669  -2.85026  35.4125  35.5743
321  84  -0.767562  -0.883463  10.2016  10.2803
-211  83  -1.78674  -0.828375  23.1277  23.2118
321  83  0.175147  -0.505205  2.56218  2.66353
-211  83  -0.24123  0.609608  -0.131197  0.683013
211  83  0.087009  0.104415  0.0316372  0.197367
-321  84  2.51467  -1.87972  -43.422  43.5382
321  84  0.717135  -0.399441  -13.7284  13.7618
211  84  0.11629  -0.348412  -0.193818  0.438132
211  84  0.284109  0.423382  0.369231  0.644811
-211  84  0.744837  0.278368  0.843087  1.16728
-211  84  -0.245767  -0.620266  1.32003  1.48563
211  84  0.345517  -0.351453  10.9908  11.0028
-321  84  -0.255686  -0.606779  6.24567  6.29966
211  84  -0.289886  0.349403  119.4  119.401
-211  84  0.366014  -0.0537467  507.646  507.646
2212  84  0.0242537  -0.122553  771.996  771.996
-211  91  -0.234151  -0.0212936  2.16488  2.18208
211  91  -0.358622  -0.262608  2.62712  2.66811
211  91  -0.280186  0.150345  4.18818  4.20255
-211  91  -0.456298  -0.711905  3.37414  3.48128
211  91  -0.2122  -0.0845128  -0.642255  0.695803
-211  91  0.406911  -0.454517  -0.585734  0.857161
-211  91  0.151073  0.51193  -0.162185  0.575047
-211  91  0.0593176  0.130007  -2.30056  2.30921
211  91  -0.139706  -0.0096113  -47.6308  47.6312
211  91  0.361929  0.0961687  -100.342  100.343
-211  91  -0.328424  -0.142622  -49.4608  49.4623
2212  91  0.768949  -0.0617505  -1078.47  1078.47
211  91  -0.0218106  -0.142544  -127.035  127.035
130  91  -0.190598  0.723106  0.367133  0.970367
211  91  -0.0787298  -0.231479  0.647582  0.706133
-211  91  0.138042  0.703241  1.72645  1.87449
2112  91  -0.388542  -0.200114  7.64668  7.71657
-2112  91  0.255867  -0.0968362  30.284  30.2998
-211  91  0.159849  -0.442533  20.8286  20.8344
211  91  -0.0383216  -0.122278  12.2523  12.2537
-211  91  -0.104319  -0.0135454  25.2773  25.2779
-211  91  0.0794803  0.162986  2.0094  2.02239
211  91  1.6803  1.07257  -107.261  107.279
211  91  -0.355403  1.96318  -58.3315  58.3658
211  91  -0.148837  0.133655  -0.14018  0.281329
211  91  -0.160569  -0.0774808  0.0500327  0.231881
-211  91  0.586065  -0.217  -0.52776  0.829802
211  91  1.97769  -0.525728  1.71807  2.67562
-211  91  0.613252  0.526159  1.2539  1.49822
211  91  0.0428802  -0.397438  0.857643  0.956466
-211  91  0.635176  0.446358  1.76696  1.93502
211  91  0.536868  -0.0834258  0.624012  0.839082
211  91  -0.15952  -0.262687  4.53309  4.54564
130  91  -0.606584  -0.17194  9.41231  9.44652
211  91  -1.18404  -0.157114  6.91461  7.0184
130  91  -1.55732  -1.3807  23.3677  23.4655
-211  91  -0.856698  -0.415077  6.99854  7.06437
211  91  -5.83677  -0.623142  95.6688  95.8488
211  91  -0.0772396  0.415762  9.96187  9.97181
-211  91  -0.639214  -0.0384658  8.57224  8.59726
-321  91  -0.711393  0.122452  2.95155  3.07838
211  91  0.155548  0.0670403  0.49716  0.543449
211  91  0.241761  -0.26423  -1.14704  1.20973
-211  91  -0.0011423  -0.123776  0.0289401  0.188783
211  91  0.0432077  0.00276291  -4.55373  4.55608
-211  91  1.28879  -0.178905  -7.40232  7.5171
130  91  0.307844  -1.18006  -9.78314  9.87141
-211  91  -0.0996795  -0.17678  -1.12498  1.15162
211  91  -0.146647  -0.300407  -0.724278  0.80982
-211  91  0.181068  0.14091  -0.0506699  0.273292
-211  91  0.571201  -0.903999  0.499961  1.18866
211  91  0.17601  -0.382958  1.77586  1.83052
130  91  0.00485603  1.08465  13.1884  13.2423
130  91  -0.131957  0.0706197  1.15016  1.26209
130  91  -0.364073  0.39588  2.25027  2.36656
130  91  -0.512454  -0.562329  8.46688  8.51554
130  91  -0.872146  -1.3222  11.3549  11.4757
211  91  0.0796273  -0.0364866  0.131004  0.210508
-211  91  0.0379947  -0.620155  -0.177936  0.661194
22  91  -0.00294401  -0.00426449  -75.9536  75.9536
22  91  0.524433  -0.182967  -1448.19  1448.2
-321  91  -0.221374  -1.55142  7.23456  7.41879
211  91  0.0290403  0.109265  0.492672  0.524392
211  91  -0.0583494  -0.247043  6.58124  6.58762
211  91  -0.00175597  -0.266178  0.962462  1.0083
-211  91  -0.0223906  0.176752  0.214744  0.31199
22  91  -0.0904278  0.238505  0.528942  0.587232
22  91  -0.0567743  0.0908211  0.502186  0.513481
22  91  -0.434578  0.362696  22.5439  22.551
22  91  -0.0197892  0.0764591  3.77049  3.77132
211  91  0.133103  -0.00711083  -15.4876  15.4888
-211  91  0.103583  0.0876288  -15.4792  15.4804
22  91  -0.0560218  0.0448709  -4.38096  4.38155
22  91  0.911069  -0.299592  -29.5272  29.5427
211  91  -0.328552  0.486636  -17.0679  17.0786
-211  91  0.0656082  0.355223  -15.1041  15.1091
22  91  -0.646115  1.36232  -68.496  68.5126
22  91  -0.0796707  0.271792  -11.2585  11.2621
211  91  0.100181  0.649738  -17.9424  17.9549
-211  91  -0.00769196  0.0261664  -3.24944  3.25255
22  91  0.176511  0.119199  -2.99482  3.00238
22  91  -0.00615839  -0.0223668  -0.490534  0.491083
22  91  -0.00383061  -0.0334  -0.601659  0.602597
22  91  0.232038  0.579653  -4.35239  4.39694
22  91  -0.0150279  0.0369906  -0.183319  0.187617
211  91  0.91254  -0.207219  0.526582  1.08279
-211  91  -0.00233897  -0.0512142  -0.00426971  0.148749
22  91  -2.68001  -1.31511  26.8465  27.012
22  91  -0.0569319  -0.00778159  0.483139  0.486544
2212  91  -2.04822  -0.652346  29.2347  29.3287
-211  91  -0.499418  -0.240517  6.24509  6.2712
211  91  -0.10931  -0.262788  3.05686  3.07325
-211  91  0.00079878  -0.139755  3.50789  3.51345
22  91  -0.761803  -1.4844  29.7879  29.8346
22  91  -0.639138  -0.99891  20.8875  20.9211
211  91  -16.4625  -2.49409  285.558  286.043
-211  91  -8.65048  -1.59358  152.783  153.036
22  91  -1.7573  -0.55628  29.5166  29.5741
22  91  -0.585343  0.0860323  12.4291  12.4431
211  91  -0.072831  0.127322  2.26742  2.27644
-211  91  -0.439434  -0.171511  3.52217  3.55636
22  91  -0.2023  -0.0834009  -1.06947  1.09163
22  91  0.276149  -0.423326  -1.35638  1.44749
22  91  0.131862  -0.213268  -4.36142  4.36862
22  91  0.00851395  -0.0320452  0.00289489  0.033283
22  91  1.22348  -0.472284  -17.1554  17.2055
22  91  0.00491914  0.00738218  -0.12037  0.120696
22  91  0.00545965  0.0393592  -0.236431  0.239747
22  91  -0.1309  -0.0547471  -1.34054  1.34802
22  91  0.0373611  -0.100437  -0.152792  0.186625
22  91  0.384175  0.688811  -1.98073  2.13198
2112  91  -0.0374727  0.0549402  -1.30718  1.61119
-211  91  -0.244377  -0.0231078  -0.520493  0.592154
-2112  91  0.306129  0.725447  -1.33188  1.81016
211  91  0.0313724  -0.0784643  -0.0877196  0.185244
22  91  -0.000134418  0.0433336  -0.0111306  0.0447405
22  91  0.138038  0.145698  0.211629  0.291666
22  91  0.287949  0.359286  0.107828  0.472893
22  91  0.0337555  0.0214153  0.0560907  0.0688782
211  91  0.0265394  -0.129021  8.72954  8.73165
-211  91  0.0323889  -0.0894994  37.981  37.9813
22  91  -1.13747  -0.00650606  7.44968  7.53602
22  91  -0.559606  0.0505225  3.1965  3.24551
22  91  -0.286749  0.0549957  4.72425  4.73327
22  91  -0.180394  0.0842442  1.95586  1.96597
22  91  -0.026376  0.0873286  -0.197025  0.217119
11  91  0.00564533  0.0103907  -0.0611875  0.0623218
-11  91  0.0244916  0.16222  -0.928886  0.943263
22  91  -0.0796051  0.00928664  -4.32112  4.32186
22  91  -0.233186  0.252511  -28.2183  28.2204
22  91  0.0736389  -0.0594057  -3.01869  3.02017
22  91  0.225653  0.00582725  -13.1854  13.1873
22  91  0.0101056  0.0130711  -1.71584  1.71592
22  91  -0.203648  -0.181414  -21.4629  21.4647
22  91  -0.0145966  0.0361985  -68.9373  68.9373
22  91  -0.135824  -0.09408  -158.545  158.545
22  91  -0.0746694  -0.0839445  0.341011  0.359041
22  91  -0.0800245  -0.157861  1.33985  1.35148
22  91  -0.13679  0.3416  20.7447  20.7479
22  91  -0.37305  0.474997  32.8106  32.8162
22  91  -0.0127141  0.414103  13.1504  13.157
22  91  -0.135264  0.353923  12.9357  12.9412
211  91  -0.180745  -0.15399  11.2098  11.2132
-211  91  0.184583  -0.454041  19.0282  19.0351
22  91  -0.173953  0.176307  10.1013  10.1043
22  91  -0.317833  0.435687  15.7053  15.7146
22  91  0.0829596  0.109572  -27.0101  27.0105
22  91  0.023144  0.0461743  -2.36004  2.3606
22  91  -0.198549  0.0783001  -15.2446  15.2461
22  91  -0.0269269  0.0311298  -0.824024  0.825051
22  91  0.0260037  0.00555185  -0.0354374  0.0443038
22  91  0.395477  -0.486229  -0.775169  0.996849
211  91  0.573951  -0.0797302  1.57185  1.68106
-211  91  0.354906  -0.140324  0.428464  0.590517
211  91  0.686452  -0.461129  1.61711  1.82164
-211  91  0.834494  -0.587091  1.16768  1.55692
22  91  0.0335838  0.0517166  0.15947  0.170977
22  91  0.574103  0.184753  1.93015  2.02218
22  91  0.12994  -0.0438896  1.20864  1.2164
22  91  0.0355192  0.0676918  0.845736  0.849183
22  91  -0.25839  -0.15541  0.326288  0.444276
22  91  -0.0512328  -0.0152073  0.180231  0.187988
22  91  0.101146  0.458118  5.23982  5.26078
22  91  -0.0351379  0.144848  1.31075  1.3192
22  91  0.0355115  -0.190175  5.81058  5.8138
22  91  -0.0166488  -0.152132  2.25182  2.25701
22  91  -3.36117  -0.827843  56.0781  56.1848
22  91  -2.4103  -0.600408  42.1358  42.209
211  91  0.251511  0.228892  -1.85844  1.89445
-211  91  0.174917  0.151886  -4.67342  4.68124
22  91  0.00708941  -0.00723302  -0.288284  0.288462
22  91  -0.234406  0.330096  -5.88229  5.89621
22  91  -0.147712  -0.318518  0.465873  0.583362
22  91  0.0205055  -0.0243138  0.0908194  0.0962279
22  91  0.155565  0.46117  1.10951  1.21156
22  91  0.0452662  0.0240309  0.0716427  0.0880863
211  91  -0.0342906  0.119611  5.85342  5.8564
-211  91  -0.0699586  0.209059  1.55784  1.57954
22  91  -1.13365  -0.0741891  8.79342  8.8665
22  91  -0.228931  0.0246522  1.45693  1.47501
22  91  -1.21571  -0.203886  8.6976  8.78452
22  91  -0.209012  -0.0919232  1.51815  1.53522
22  91  -1.125  -0.191422  7.67883  7.76317
22  91  -0.556835  -0.000626642  3.64727  3.68953
22  91  0.0984942  -0.453978  0.0851489  0.472279
22  91  0.0477697  -0.030897  0.0301528  0.0643876
22  91  0.0643346  0.0178548  0.346697  0.353067
22  91  -0.0178751  -0.0908799  0.383173  0.394209
22  91  0.00295227  -0.0135175  -0.0504778  0.0523397
22  91  0.0645238  0.100063  -4.22135  4.22303
22  91  0.0825177  0.0244589  -0.930537  0.934509
22  91  -0.0238953  0.101124  -1.65166  1.65493
22  91  -0.178238  0.390463  -12.9653  12.9724
22  91  -0.160414  0.174471  -5.3941  5.39931
211  91  -0.20994  0.0788813  -1.17417  1.20352
-211  91  -0.142381  0.317901  -15.0284  15.0331
22  91  0.0616371  -0.058488  0.00990571  0.0855459
22  91  0.0936897  -0.0808869  0.223095  0.255131
211  91  -0.230423  -0.161379  3.54323  3.55712
22  91  -0.143786  0.00869549  0.75168  0.765358
22  91  -0.123001  -0.114158  1.2676  1.27866
22  91  0.112667  -0.235537  2.70486  2.71743
22  91  0.0194625  0.0183237  0.289926  0.291155
321  91  -0.191495  -0.287173  3.93223  3.9781
22  91  -0.0380759  0.0102753  0.636265  0.637486
22  91  -0.209275  -0.155986  1.59457  1.61579
22  91  -0.681468  -0.153461  11.9837  12.0041
22  91  -12.7421  -2.28742  219.987  220.367
22  91  -0.0301169  0.0392921  0.207074  0.21291
22  91  0.0233189  -0.0714984  0.109811  0.133095
22  91  -0.144369  -0.127839  26.8599  26.8606
22  91  -0.228891  -0.278874  31.0368  31.0389
22  91  -0.0205778  0.0223625  2.0439  2.04413
22  91  -0.180645  -0.140059  6.48706  6.49109
22  91  -0.149851  -0.120163  2.70217  2.70899
22  91  -0.479778  -0.119273  6.36081  6.38
-2212  91  -3.22944  -1.50273  34.6437  34.839
211  91  -0.869556  -0.343708  8.10219  8.15716
-211  91  -1.70067  -0.927006  11.597  11.7585
211  91  -0.672413  -0.913083  8.00887  8.08995
-211  91  -0.512015  -0.125856  3.07272  3.12075
