22  62  38.355  -7.62691  31.5263  50.2313
2212  83  -1.89367  -1.56522  2.93235  3.9389
-2212  83  -0.519665  -0.211257  0.661303  1.27764
211  83  -0.0158832  0.0503719  0.0125446  0.149756
321  83  -2.10352  -0.0773562  -15.1722  15.3255
-211  83  -1.29721  -0.776911  -6.52249  6.69692
2212  84  -2.63071  -0.59708  -5.14669  5.88608
-2112  84  -6.13282  -1.61597  -14.8995  16.2204
211  83  0.337467  0.238664  -0.058911  0.440222
-211  83  3.71514  1.97364  0.466396  4.23491
211  83  2.30489  0.917437  0.198133  2.49258
-211  83  0.975754  0.556157  -0.292392  1.16892
321  84  0.391191  0.411664  -0.277651  0.802065
-211  84  0.593873  -0.118002  3.50779  3.5624
211  84  -0.533798  -0.580947  93.633  93.6364
211  84  -0.342359  -0.258313  74.1497  74.151
-211  83  0.25284  -0.28482  0.810861  0.906656
-211  83  0.325437  0.160974  0.18291  0.429834
211  83  -0.489124  -0.636416  -0.0393273  0.815655
-211  83  0.665644  0.796197  -1.51382  1.84069
211  84  -0.274358  -0.636944  -4.46253  4.51825
-2112  84  2.32893  0.713191  -36.7591  36.8517
211  84  -0.608363  -0.361224  -1732.09  1732.1
2112  83  -0.20316  0.154623  -18.6491  18.6745
-2212  83  0.285046  -0.352508  -10.7157  10.7663
211  84  0.121065  0.430496  0.0423248  0.470377
-211  84  0.144749  0.550023  41.5788  41.5829
321  84  -0.615447  -0.116891  89.0776  89.0812
211  84  0.0931695  0.0567217  504.346  504.346
-211  84  0.236878  -0.191539  347.297  347.297
2212  84  -0.112841  -0.00878343  1573.11  1573.11
321  91  -0.408297  0.390168  -3.66933  3.74522
-211  91  0.107549  -0.0921837  -0.512405  0.549639
-321  91  -0.425996  -0.0545199  -1.31523  1.46901
-211  91  -0.462121  -0.365298  -2.6392  2.70774
211  91  -1.04014  -0.162671  -6.45752  6.54427
130  91  1.37711  0.489516  1.0158  1.84811
130  91  -0.36025  0.507223  1.1988  1.43937
-211  91  -0.144849  0.116466  14.6102  14.6121
-211  91  -0.252499  0.348816  40.959  40.9615
211  91  -0.131315  0.0254095  2.78549  2.79219
-211  91  0.212304  0.139278  4.98063  4.98905
211  91  -0.245837  0.326535  3.33042  3.3583
-211  91  0.217191  -0.0213659  0.698057  0.744575
211  91  0.317659  0.116328  1.09324  1.15286
211  91  -0.410989  0.731208  0.491856  0.982334
-211  91  -0.20741  -0.0048889  0.522136  0.57892
211  91  -0.00444431  -0.243891  1.30357  1.33352
2112  91  0.929175  0.039162  -22.6841  22.7226
-211  91  -0.0841101  -0.138515  -1.06257  1.08388
211  91  0.577327  0.549755  -27.3297  27.3417
-211  91  0.127567  0.218751  -32.1955  32.1968
211  91  0.548702  0.146799  -405.799  405.799
2112  91  0.404033  -0.259836  -558.657  558.658
-211  91  0.292272  -0.0691152  -249.825  249.825
211  91  0.167225  -0.0982768  -25.0796  25.0808
321  91  -0.0594596  -0.0784638  -3.88931  3.92175
-211  91  0.418637  0.10746  -0.380461  0.592482
211  91  0.307652  -0.564066  0.919452  1.13035
-211  91  -0.158524  0.0917092  0.0184824  0.231002
-211  91  0.472389  0.256171  1.85796  1.93914
211  91  -0.0598566  -0.11161  0.69752  0.722533
-321  91  0.27344  -0.164455  126.547  126.549
130  91  -1.77164  -0.0701268  -10.4851  10.6456
22  91  0.223635  -0.36059  0.36035  0.556677
22  91  -0.014006  -0.0776059  0.0859392  0.116638
22  91  -0.0310073  -0.00242984  -0.0282734  0.0420326
22  91  -0.131146  -0.419039  -0.583059  0.729898
211  91  -0.750756  0.560848  -2.27533  2.46471
-211  91  -0.134641  0.535767  -1.76997  1.85942
130  91  -1.17706  -0.304028  -8.10611  8.21185
22  91  -2.11439  -0.513166  -4.55429  5.04733
22  91  -0.694388  -0.23279  -1.42666  1.60366
22  91  0.431032  0.210586  0.0293001  0.480618
22  91  6.17936  3.51916  0.173478  7.11331
22  91  0.259657  0.165515  0.199841  0.367088
22  91  0.63355  0.22197  0.59426  0.896549
22  91  -0.321095  0.565575  11.9031  11.9208
22  91  -1.03143  2.14989  47.45  47.5099
22  91  -1.31227  0.0571146  24.5695  24.6046
22  91  0.0428962  0.00343708  0.267628  0.271066
22  91  0.0633916  0.0337281  0.440192  0.446011
22  91  -0.020529  0.178663  0.751766  0.772978
22  91  0.00940073  -0.00965833  0.00262898  0.013732
22  91  -0.192399  0.237443  -0.142829  0.337337
321  91  0.33549  0.176  -3.85538  3.90528
-321  91  0.372016  0.00599824  -2.88103  2.9466
22  91  -0.106882  0.149772  -2.3541  2.36128
22  91  -0.10705  0.0774149  -0.768092  0.77937
22  91  -0.0262759  -0.0961103  -28.3766  28.3767
22  91  0.135053  -0.285246  -65.875  65.8758
22  91  -0.119389  -0.163498  -4.0752  4.08022
22  91  -0.0300576  0.0257382  -0.564311  0.565697
22  91  -0.195321  -0.15888  -0.988252  1.01982
22  91  -0.133414  -0.0229111  -0.903574  0.913657
22  91  0.091212  -0.18064  19.2684  19.2694
22  91  0.104344  -0.559502  40.986  40.9899
22  91  0.0322615  0.0993713  4.91494  4.91605
22  91  0.257615  0.184314  10.0175  10.0225
22  91  -0.80763  0.0139369  400.058  400.059
22  91  -0.0207009  0.0102567  4.84893  4.84898
22  91  -0.423122  0.279578  -0.736748  0.894424
22  91  -0.275524  0.123304  -0.622544  0.691866
211  91  0.0527332  0.218458  12.7847  12.7874
-211  91  0.0268718  -0.187865  8.64012  8.64333
22  91  0.131595  0.130691  37.5296  37.5301
22  91  0.557269  0.219541  124.901  124.902
22  91  -0.265969  -0.00172393  104.868  104.868
22  91  -0.107516  0.032892  21.9045  21.9048
22  91  -0.645375  -0.424034  3.84516  3.92194
22  91  -0.1322  -0.0554867  0.492954  0.51338
22  91  0.174464  -0.438777  0.149302  0.495232
22  91  0.00171272  -0.00971913  -0.0193958  0.0217622
211  91  0.0221029  -0.213088  -0.834734  0.873015
-211  91  0.142278  0.180709  -0.946748  0.984231
211  91  0.380811  0.264757  -4.89466  4.91857
-211  91  1.21615  0.928576  -23.8477  23.8972
22  91  -0.0615879  -0.0452356  -84.2948  84.2948
22  91  -0.209306  0.0887666  -326.777  326.777
22  91  0.0252504  -0.0103122  -0.21111  0.212865
22  91  -0.156168  -0.164727  -2.7971  2.80629
22  91  0.0104174  0.117671  -2.45107  2.45392
22  91  -0.162175  0.228135  -4.43787  4.44669
22  91  0.0426202  -0.327643  1.04855  1.09937
22  91  -0.0187074  0.00038472  0.132673  0.133986
22  91  -0.765571  -0.115622  10.2205  10.2497
22  91  -0.216238  -0.101223  3.58082  3.58877
22  91  0.140996  0.120001  31.1485  31.1491
22  91  0.361627  0.0850246  50.6656  50.667
211  91  -0.537067  -0.237356  -3.73972  3.78811
-211  91  -0.412761  0.0582062  -1.49399  1.55732
211  91  0.0741049  0.0747087  -1.37611  1.38717
-211  91  -0.10909  -0.0144535  -0.202278  0.269269
22  91  -0.150156  0.11257  -0.30993  0.36232
22  91  -0.0105356  -0.0277696  -0.11921  0.122855
13  91  -23.2198  -6.83494  -49.9063  55.4664
-14  91  -28.964  -7.91307  -61.3541  68.307
22  91  -5.04899  -1.49781  -10.6176  11.852
22  91  -0.446284  -0.101352  -0.98362  1.08487
211  91  12.1519  6.43389  0.111701  13.7512
211  91  7.63912  3.76552  0.323831  8.52406
-211  91  9.93626  5.91501  0.275684  11.5677
-211  91  7.18847  3.46628  -0.310397  7.98781
22  91  1.87807  1.08633  0.0378121  2.16995
22  91  0.434209  0.183984  -0.0155723  0.471837
22  91  -0.0852394  0.0115101  -0.0989545  0.131112
22  91  -0.232737  -0.0504459  -0.727228  0.765226
22  91  -0.00652623  0.027819  -0.0789838  0.0839936
22  91  0.0731533  -0.105693  -0.997972  1.00622
22  91  -0.377064  0.0959094  -2.29904  2.33173
22  91  -0.064235  0.00495737  -0.164031  0.176229
22  91  -0.170901  -0.158083  -2.55963  2.57019
22  91  -0.141548  -0.0827222  -0.940905  0.955082
211  91  -11.3082  -3.66099  -23.9627  26.749
-211  91  -1.51328  -0.366  -2.89685  3.29169
