22  62  -6.84566  -86.1595  11.9859  87.2581
211  84  -0.15943  -0.186884  -622.753  622.753
2112  84  -0.331995  -0.0698917  -796.314  796.314
211  84  -0.388003  -0.0318641  -395.144  395.144
-211  83  0.491181  1.12482  0.782114  1.46207
-211  83  -0.464247  -0.158326  -0.249118  0.567567
-211  83  0.195324  0.41634  -5.40526  5.42659
211  83  -0.00436873  0.134542  -0.694835  0.721385
-211  83  -0.0772887  0.342643  -4.3097  4.32624
211  83  0.0556894  0.741781  -5.44661  5.49894
-211  83  -0.331093  0.0677111  -2.49483  2.52148
-211  84  -0.0834644  1.62316  -8.44968  8.60571
211  84  0.261092  0.549127  -3.59071  3.64451
321  84  0.0540296  0.495098  -4.32608  4.38254
-211  84  0.106993  0.159744  -1.42083  1.44055
-211  83  0.123702  0.0372602  8.27999  8.28218
321  83  0.101186  0.0340417  5.51809  5.54115
-321  83  -0.285561  -0.157292  11.6095  11.6245
2212  83  0.572714  0.393918  3.90722  4.07797
-2212  83  0.222654  -0.727012  0.428306  1.28137
211  84  -0.118913  0.226781  -0.956983  1.00043
321  84  -0.244948  -0.239405  -41.3296  41.334
-321  84  -0.711879  0.497746  -57.4296  57.4383
-321  84  0.0330254  0.203149  -14.7238  14.7335
211  84  0.175064  0.388302  -0.88521  0.992221
-211  84  0.382748  -0.142677  -0.754936  0.869632
-211  84  -0.0528257  -0.22162  0.471031  0.541531
211  84  -0.188431  -0.0509017  0.182823  0.301664
-211  84  0.632615  0.93458  0.754471  1.36468
211  84  0.107081  0.0966914  0.146134  0.248295
211  83  -0.0714495  0.71519  0.396838  0.832804
-211  83  0.0934187  -0.151217  3.65967  3.66664
-211  84  0.836026  0.108009  72.264  72.2691
2212  84  0.136345  0.496047  636.611  636.612
-211  84  0.561159  0.552359  1008.34  1008.34
-211  91  0.387288  0.0828492  -51.5933  51.595
211  91  0.109639  0.92153  0.718509  1.18194
211  91  0.138649  10.8594  6.92821  12.8828
-211  91  0.541209  29.4723  17.1917  34.1245
211  91  -0.468801  0.284105  -0.414965  0.701546
211  91  0.373572  -0.170026  -1.02622  1.11404
211  91  0.364383  0.314998  -7.70927  7.72556
-211  91  -0.285673  0.90011  -8.63483  8.68744
211  91  0.0685459  0.81562  -3.85442  3.94284
130  91  0.0220311  0.220669  -1.96574  2.03983
-211  91  0.0833664  0.821428  -2.15916  2.31584
130  91  1.00357  1.57142  -10.7189  10.8913
211  91  0.425661  1.42306  -8.07683  8.21347
-211  91  0.971329  0.623059  0.679352  1.34636
211  91  -0.0604491  0.0376819  0.115835  0.194863
-211  91  0.943504  1.94727  1.61985  2.70656
211  91  0.463958  0.0470521  2.7991  2.84111
-211  91  -0.12197  -0.340175  27.9891  27.9918
321  91  -0.688934  0.639111  278.315  278.317
211  91  -0.165042  0.287097  0.731893  0.815359
-211  91  -0.224612  -0.499576  1.11658  1.2515
-211  91  0.0690577  0.240274  -1.41288  1.4416
211  91  0.471408  -0.348281  -8.60817  8.62923
-211  91  -0.256456  0.0796015  -6.26622  6.27352
211  91  0.638781  -0.014454  -107.024  107.026
-211  91  -0.501983  0.350147  -62.0548  62.058
211  91  -0.228319  -0.371665  -23.1998  23.2043
130  91  -0.545941  0.160986  -19.8052  19.8197
211  91  0.276853  -0.951693  -0.768492  1.26191
-211  91  0.575855  0.21045  -0.2257  0.668071
211  91  -0.423046  -0.426464  0.00605949  0.61673
-211  91  0.374666  -0.0485369  -0.0337352  0.404164
211  91  -0.0279416  0.018956  0.156266  0.212223
211  91  0.744539  -0.283662  -0.0668695  0.811636
-211  91  0.766428  0.451501  0.318491  0.955081
-211  91  -0.0640217  -0.388646  -116.119  116.12
211  91  -0.561172  -0.0389695  -196.128  196.129
-211  91  0.0435931  -0.0105026  -219.794  219.794
211  91  0.278003  -0.38332  -22.1649  22.1704
-211  91  -0.714526  -0.220442  -1.42765  1.61766
321  91  0.287794  0.258779  -1.39073  1.52566
-211  91  0.199212  0.119947  -0.295779  0.401295
211  91  0.259744  -0.316924  18.4465  18.4516
211  91  0.386913  -0.276085  47.7007  47.7033
-211  91  -0.477077  0.219183  94.5443  94.5459
211  91  0.000774332  0.4619  210.964  210.965
211  91  -0.39854  0.200744  634.466  634.466
-211  91  0.389887  0.161067  434.721  434.722
130  91  -0.63931  1.62324  -5.67908  5.96181
130  91  -0.0179706  0.0877981  39.3352  39.3385
211  91  -0.217596  0.427332  -11.3594  11.3704
-211  91  -0.190187  0.167097  -3.44302  3.45513
22  91  -0.101554  2.17867  1.72993  2.78381
22  91  -0.114861  0.277149  0.0458446  0.30349
22  91  0.138395  -0.357431  -0.0874447  0.393137
22  91  -0.0266357  -0.0701854  -0.0453133  0.0876855
22  91  -0.0228694  0.0882895  -0.626652  0.633254
22  91  -0.0980944  0.0831919  -0.300149  0.326547
22  91  -0.0285909  0.0348357  -3.43559  3.43589
22  91  -0.105999  0.0618611  -1.88141  1.88541
211  91  -0.0895263  0.0816477  -0.193096  0.267296
-211  91  -0.365783  0.534034  -2.20726  2.30444
211  91  -0.250587  0.223437  -1.09515  1.15392
-211  91  -0.555255  0.954387  -3.46846  3.64264
211  91  -0.104533  0.220541  -1.8866  1.90744
-211  91  -0.493374  0.615573  -2.52637  2.65036
22  91  0.1043  0.0146757  -0.747174  0.754562
22  91  0.470135  0.372463  -3.77848  3.82579
22  91  0.064233  0.794008  0.431676  0.906045
22  91  -0.00176535  0.0213372  -0.0102581  0.0237407
22  91  0.190473  0.0552145  0.421946  0.466226
22  91  -0.0215852  0.0202038  0.0861376  0.0910703
22  91  0.106041  -0.0591834  19.5064  19.5067
22  91  0.0321841  0.00778088  0.912298  0.912899
22  91  -0.0109314  0.0143566  0.0368883  0.0410652
22  91  -0.423926  0.359897  0.120862  0.569075
22  91  -0.0883831  0.0898065  0.00500519  0.126102
22  91  0.0313718  0.0535846  0.0666041  0.0910582
211  91  0.260772  -0.264258  -51.952  51.9535
-211  91  0.124781  0.0473325  -29.4075  29.4081
2112  91  -0.406233  -0.164169  -3.56995  3.71743
211  91  -0.181713  -0.033194  -1.92464  1.93851
-2112  91  0.237732  -0.483841  -12.2623  12.3101
-211  91  0.00945371  -0.0598682  -0.533495  0.55477
211  91  0.169491  0.333458  0.876341  0.963002
-211  91  -0.114652  0.318397  0.473407  0.598428
211  91  -0.0229234  -0.181618  16.5793  16.5809
-211  91  0.202519  -0.0217634  48.3472  48.3478
22  91  -0.364692  0.261361  -76.3866  76.3879
22  91  -0.127975  0.0372593  -35.0172  35.0175
22  91  0.257451  4.73446  2.86846  5.54161
22  91  0.52194  10.6992  6.25487  12.4043
22  91  0.0218738  0.0858951  -0.0468866  0.100274
22  91  0.235539  0.109317  -0.210655  0.334372
22  91  -0.0907196  0.142379  -0.326261  0.367352
22  91  -0.0441376  0.24795  -0.255724  0.358918
22  91  0.0485211  0.155658  -1.26912  1.27955
22  91  0.191337  0.119589  -1.57288  1.58899
22  91  0.739393  0.983992  -8.67534  8.76221
22  91  0.523921  0.796386  -7.49066  7.55107
22  91  0.504294  0.853227  0.622461  1.17037
22  91  0.93368  1.2776  1.08172  1.91681
22  91  -0.188596  0.0104245  1.54102  1.55255
22  91  -0.0798389  -0.0379562  0.290493  0.303646
22  91  0.00868968  -0.208689  3.58516  3.59124
22  91  0.0374003  -0.012519  1.71367  1.71413
22  91  -0.0940678  0.0755707  1.1738  1.17998
22  91  -0.0332706  0.1544  3.09728  3.10131
22  91  -0.00443124  -0.00874662  0.41979  0.419905
22  91  -0.191971  -0.0304005  88.5362  88.5364
22  91  -0.0968091  -0.0403785  -0.294998  0.313092
22  91  -0.170286  -0.302282  -0.722597  0.801572
22  91  0.27282  -0.0373937  -32.7384  32.7395
22  91  0.180004  0.0722693  -30.5024  30.503
22  91  0.646119  -0.0152524  -0.431087  0.776877
22  91  0.0249463  0.0285625  -0.0325341  0.0499659
22  91  0.130192  0.102792  -107.901  107.901
22  91  0.343887  0.20506  -430.229  430.229
22  91  -0.0345594  0.185019  -23.538  23.5388
22  91  -0.00655966  -0.0112657  -0.284026  0.284325
22  91  0.118016  0.0242314  -0.191225  0.226014
22  91  0.308675  -0.15579  -0.596672  0.689615
22  91  -0.133602  -0.0976303  -0.146151  0.220774
22  91  -0.0857993  -0.0161167  -0.253555  0.268163
22  91  -0.491841  -0.0774381  8.58577  8.60019
22  91  -0.352451  -0.0390511  8.39589  8.40337
22  91  0.158535  -0.197679  62.3767  62.3772
22  91  0.0194608  0.00855314  1.44375  1.44391
211  91  0.0975803  -0.471955  -0.382395  0.630849
-211  91  0.109074  -0.137765  -0.625302  0.664349
22  91  -0.392808  0.000419891  -6.54386  6.55564
22  91  -0.040339  -0.0128934  -1.84817  1.84865
22  91  -0.045847  0.015542  -2.28326  2.28377
11  91  -0.0572577  0.0340888  -11.1141  11.1143
-11  91  -0.115902  0.0702506  -22.5686  22.569
22  91  -0.0365724  0.048938  -3.7845  3.78499
22  91  0.0128542  0.172469  -30.9265  30.9269
22  91  -0.016185  -0.0492796  -15.0025  15.0026
22  91  -0.134013  0.0431772  -20.2794  20.2799
22  91  -0.0214826  -0.0109271  -0.0221763  0.032752
22  91  0.0395083  -0.00369441  -0.781835  0.782841
22  91  0.212952  0.14355  -2.96942  2.9805
22  91  0.0592185  0.0842966  -0.570577  0.579802
22  91  -0.0149868  0.0205612  -0.025897  0.0363046
22  91  0.0244192  0.00579735  -0.850305  0.850675
22  91  0.0695422  0.18273  -0.444129  0.48526
22  91  -0.00909958  -0.013558  -0.0052224  0.0171433
22  91  -0.104397  0.153463  -0.900023  0.918962
22  91  -0.0130329  0.100898  -0.203083  0.227141
22  91  -0.229606  0.0506906  -0.912801  0.9426
22  91  -0.324135  0.213417  -1.14884  1.21262
22  91  -0.194453  -0.215046  -47.8146  47.8155
22  91  0.0143433  -0.0452771  -13.8327  13.8328
22  91  -0.161615  -0.048267  0.423889  0.456214
22  91  0.00362253  0.0310586  0.179098  0.181807
22  91  0.0186658  -0.0518656  57.364  57.3641
22  91  -0.0603846  -0.0147925  13.1969  13.197
