22  62  13.3147  -97.5018  169.758  196.218
211  83  -0.00405862  -0.222762  -12.7622  12.7649
211  83  -0.175626  1.21979  -972.674  972.675
2112  83  0.0942283  7.36025  28.1238  29.0863
-2112  83  0.913554  12.1876  44.1016  45.7734
-211  83  0.88198  6.36746  21.2988  22.2482
211  83  -0.175677  1.38497  5.70798  5.87789
-211  83  0.0932215  1.62688  7.51794  7.69379
211  83  0.42316  0.404656  1.55554  1.66793
-211  83  0.302794  -0.137528  0.0697178  0.36734
211  84  0.367563  -0.144811  0.817196  0.918348
-211  84  -0.240602  -0.151304  -1.55296  1.58491
211  84  -0.180192  0.0917998  -0.793158  0.830347
-211  84  -1.36097  -0.856931  -13.2205  13.3186
321  84  -0.551428  1.22692  -29.0417  29.077
2112  83  -0.421177  -0.255464  -367.328  367.33
-211  83  0.0781679  -0.0508314  -38.8818  38.8821
-211  83  0.218479  0.205987  -5.73096  5.74052
211  83  0.316248  0.00641808  -9.8723  9.87835
-211  83  0.663356  2.19307  -11.752  11.9741
2212  83  -0.425204  1.61469  -7.72722  7.96105
-2112  83  0.201973  1.18103  -6.42909  6.60694
-211  83  0.21247  -0.0755638  -1.17318  1.20278
211  83  0.0782249  1.22859  -2.78212  3.04553
-211  83  0.525533  0.0512477  -0.682789  0.874352
211  84  -0.000927183  0.0834302  -0.298178  0.339634
-211  84  -1.05093  1.31298  0.901269  1.91315
-211  84  -0.316825  0.091829  0.66291  0.753485
-211  84  -0.540153  1.15433  2.45746  2.77179
-211  84  -0.621304  0.612332  1.48506  1.72796
2112  84  -0.165047  -0.298514  917.405  917.406
211  91  -0.324896  -0.463948  -64.9219  64.9245
-211  91  0.272724  0.026111  -25.6217  25.6235
-211  91  -0.271638  0.108952  -85.0479  85.0485
211  91  0.010262  -0.07348  -33.3234  33.3238
-211  91  0.806302  -0.290403  -983.629  983.629
2112  91  0.246383  -0.22912  -587.941  587.942
211  91  -0.00403754  -0.379032  -201.082  201.082
211  91  0.837723  9.39646  33.0675  34.3872
-211  91  1.00598  1.9398  5.7894  6.18962
211  91  -0.14811  1.05556  3.29735  3.46816
211  91  -0.0729697  0.174391  -3.56059  3.56833
-211  91  -0.373237  0.0217322  -1.43651  1.49091
-321  91  -0.0774414  -0.755377  -27.6144  27.6292
-2112  91  0.480078  0.236554  -114.101  114.106
211  91  -0.00212748  -0.139323  -13.7916  13.793
-211  91  0.592583  0.972756  -4.02886  4.1891
211  91  -0.109474  0.0632809  -0.103789  0.215037
130  91  0.089268  0.729842  -0.386689  0.968392
2112  91  0.758103  -0.969771  -0.20129  1.56156
-2112  91  1.78977  -1.51181  -0.00434677  2.52422
211  91  0.150813  0.0933064  -0.0269248  0.227278
-211  91  -0.000861275  -0.224367  -0.837855  0.878535
211  91  0.217938  -0.081374  -0.129226  0.300496
-211  91  -0.263201  0.14148  0.507986  0.605658
211  91  -0.555784  0.645448  0.326279  0.922733
211  91  -0.678594  0.888741  0.74289  1.34971
211  91  -0.0746538  1.30275  1.45637  1.96042
211  91  -0.405607  0.272237  5.84831  5.87034
-211  91  -0.0014454  -0.210201  9.82898  9.83222
211  91  0.19545  -0.0477281  18.4434  18.445
211  91  0.329172  -0.042632  1063.84  1063.84
-211  91  -0.320384  -0.235154  484.778  484.778
130  91  -0.180291  1.18931  -3.09411  3.35679
22  91  -0.0798354  0.000758477  -33.1763  33.1764
22  91  -0.318658  -0.00182443  -58.1628  58.1636
22  91  0.259301  0.401637  1.34959  1.43176
22  91  0.671123  1.1551  3.16965  3.43967
22  91  -0.472335  0.57045  -0.819681  1.10471
22  91  -0.292263  -0.0301196  -0.729967  0.786878
211  91  -0.444113  0.175433  -3.18768  3.22626
-211  91  0.0379264  0.0292291  -2.0841  2.08932
22  91  -0.020934  0.00649418  -1.44084  1.441
22  91  -0.471695  -0.126136  -98.5077  98.5089
211  91  -0.00511872  0.0435793  -6.73303  6.73462
-211  91  0.0561223  -0.194382  -20.0687  20.0702
22  91  -0.015464  0.0234314  -1.32373  1.32403
22  91  -0.0509403  -0.182946  -12.3609  12.3624
22  91  -0.0712495  0.0784771  -0.877973  0.884348
22  91  -0.464622  0.33894  -2.86457  2.92173
22  91  0.0495942  0.153067  -0.533321  0.557064
22  91  -0.0651453  0.112179  -0.264409  0.294516
22  91  0.288012  0.13886  -0.290915  0.432279
22  91  0.400144  0.0941777  -0.221305  0.466863
22  91  -3.08341  2.11081  2.26883  4.37156
22  91  -3.03044  2.74031  2.66754  4.87941
22  91  -0.933863  0.321501  0.905613  1.34
22  91  -0.260341  0.0238933  0.200455  0.32944
211  91  -0.624124  0.515113  0.587268  1.00957
-211  91  -0.58544  0.525778  0.428072  0.906592
22  91  -0.20931  0.792751  1.88966  2.05987
22  91  -1.02628  2.88563  7.1876  7.81292
22  91  0.0243551  0.0733577  0.322296  0.331435
22  91  -0.134945  0.10892  0.930247  0.946274
211  91  -0.263335  1.4684  4.19158  4.45133
-211  91  -0.149628  0.604029  1.61498  1.73634
211  91  0.182019  0.195735  0.9619  1.00805
-211  91  -0.0544206  0.319131  1.41856  1.46171
22  91  -0.042843  -0.107445  1.39573  1.40052
22  91  -0.0221471  -0.0857072  3.71829  3.71934
22  91  0.0455035  -0.135837  4.85187  4.85398
22  91  0.0354084  -0.0177566  0.303576  0.306149
211  91  0.189071  -0.0979247  375.595  375.595
-211  91  -0.199391  -0.0876626  249.13  249.13
22  91  0.301513  0.160302  -47.4545  47.4558
22  91  0.0343914  -0.0211878  -9.91065  9.91073
22  91  0.052136  0.340535  1.25067  1.29725
11  91  0.54409  5.033  18.7732  19.4438
-11  91  1.89449  17.3273  64.7005  67.0073
22  91  -0.0831782  0.0236553  0.45136  0.45957
22  91  0.0504624  -0.0147936  0.298104  0.302707
22  91  -0.0158805  0.00514415  0.35373  0.354124
22  91  0.180911  0.0752378  1.0884  1.10589
22  91  -0.0098132  -0.0446361  -0.56493  0.566776
22  91  -0.364579  -0.250152  -9.8911  9.90098
22  91  0.0344864  -0.000265842  -1.1339  1.13442
22  91  -0.0529541  -0.0860195  -0.839892  0.845944
22  91  0.280171  0.204444  0.137178  0.372975
22  91  0.0741129  -0.0160371  0.042591  0.0869707
22  91  0.121639  -0.0654449  -0.0153354  0.138976
22  91  0.0945433  -0.249425  -0.0483779  0.271094
22  91  -2.9368  1.36116  1.94281  3.77519
22  91  -0.275048  0.166155  0.165447  0.36143
22  91  -2.75964  1.62833  2.20492  3.88957
22  91  -0.35654  0.232613  0.239514  0.488463
22  91  -0.468828  0.241982  1.27482  1.37968
22  91  -0.13478  0.089689  0.625064  0.645689
22  91  0.11443  0.23409  1.52052  1.54268
22  91  0.00956881  0.381081  2.13264  2.16644
22  91  0.199781  0.297077  33.4316  33.4335
22  91  0.05414  0.178633  26.7015  26.7021
22  91  -0.0523491  0.12111  86.9364  86.9365
22  91  0.0839022  0.14775  98.1759  98.1761
22  91  -0.0109056  0.0401988  -0.0837162  0.0935054
22  91  -0.169849  -0.0682385  -0.562072  0.591126
22  91  -0.0392315  -0.0218081  -14.2154  14.2155
22  91  0.0307435  -0.098286  -7.94783  7.94849
22  91  -0.141331  0.193502  0.208603  0.317699
22  91  -0.640084  0.471749  0.755092  1.09655
22  91  -0.474957  1.34929  3.53329  3.81186
22  91  -0.0801303  0.38175  1.10001  1.16713
22  91  0.00933495  -0.0191523  0.317626  0.318339
22  91  -0.221021  0.0400963  1.54319  1.55945
22  91  -0.0113481  -0.104668  80.3646  80.3647
22  91  -0.0851969  -0.120927  44.7515  44.7517
