22  62  -1.51052  4.48348  -2.11745  5.18333
22  62  -2.99764  -1.7983  -17.8823  18.2208
-321  84  -0.697285  0.951388  -17.1144  17.1621
211  83  0.627767  -0.237866  -0.0688521  0.689124
-211  83  1.23812  -1.02186  -0.34943  1.64885
-211  83  0.411321  -0.129922  -0.361524  0.579866
211  84  0.235346  0.27844  0.445957  0.592684
-211  84  0.502901  -0.355909  0.132764  0.645513
211  84  1.52684  0.898061  1.45633  2.29742
211  83  -0.27529  -0.0971784  2.27528  2.29818
211  83  0.0874235  0.0134007  2.44259  2.44817
-211  84  -0.462939  0.131672  2.47819  2.52835
211  84  0.166705  0.196491  1.38648  1.41711
211  84  0.790684  -0.300915  2.50532  2.64799
-211  84  0.37203  0.106209  1.09762  1.17215
211  84  0.151164  0.428513  1.28373  1.36891
-211  83  3.54654  3.81454  7.65896  9.26325
211  83  0.799006  0.286844  0.378414  0.939876
211  83  0.816078  -0.0289164  0.692518  1.07976
211  84  0.109127  -0.419907  0.285643  0.537869
211  84  0.0664597  0.103317  -0.687762  0.712452
-211  84  0.534665  -0.60521  -0.251772  0.85733
211  84  -0.263504  -0.175678  -2.65887  2.6813
321  84  6.91762  -11.7156  -53.9718  55.6625
-211  86  0.123858  -0.796191  -16.7652  16.7851
321  86  0.199831  0.188586  1.74578  1.83493
-321  83  1.09268  -1.00634  -1.38733  2.09167
211  83  1.01059  -0.157366  -0.219023  1.05523
2112  83  0.746998  1.74546  -1.69079  2.71038
2112  83  -2.14576  -4.37813  -5.08378  7.10633
-2212  83  -2.53267  -4.17089  -4.03382  6.40021
-211  83  -0.957136  -2.74138  -2.42467  3.78547
211  84  -0.726554  -0.459806  0.0660805  0.873584
-321  84  -0.120862  0.28544  2.60592  2.67033
-321  86  -0.17974  -0.567069  -3.7287  3.80799
211  86  0.263976  -1.49316  -4.9703  5.19833
-211  86  0.724837  -0.132452  -3.05329  3.14404
211  86  0.537377  -0.385185  -5.01103  5.05638
-211  86  0.100276  -0.416599  -1.06527  1.15668
211  86  0.371635  0.055067  -4.61974  4.63709
211  86  -0.0611964  0.614999  -87.8722  87.8745
-211  86  0.0944805  -0.260546  -31.4657  31.4672
211  83  0.492189  0.000811373  15.5122  15.5207
-2212  83  -0.366189  0.211638  38.8187  38.8323
-211  84  -0.211827  0.138484  0.154153  0.327553
211  84  0.595594  0.0131255  -12.7561  12.7708
211  91  1.67181  -1.13864  0.50826  2.09028
130  91  0.619059  0.413509  0.533348  1.04226
-321  91  0.988733  0.734203  -0.00517373  1.3268
211  91  0.0264004  0.0871381  -0.227279  0.281825
211  91  -2.49524  1.51296  106.735  106.775
-211  91  -0.370981  0.0221661  18.4286  18.4329
211  91  -0.216779  -0.0591438  4.60692  4.6145
-211  91  -1.06735  0.513717  51.2805  51.2944
130  91  -0.932454  -0.36314  33.7713  33.7898
-321  91  -0.272933  0.102105  14.3838  14.3952
-211  91  -0.0470877  0.737553  8.11011  8.14491
211  91  0.0712587  -0.307425  11.5319  11.537
-211  91  -0.151922  -0.546274  1.80197  1.89422
-321  91  1.71517  1.42045  3.0434  3.80335
211  91  1.06734  0.361676  1.36159  1.77297
211  91  2.65656  2.88935  5.59382  6.83491
-211  91  0.450197  -0.0549211  0.169503  0.50389
-211  91  0.515492  0.505094  0.220241  0.767357
-211  91  0.531284  0.298873  0.396114  0.740253
211  91  0.552843  -0.556834  0.503861  0.942897
-211  91  0.102529  -0.198854  0.0418283  0.266991
-211  91  -0.0841197  -0.0796742  0.563618  0.592089
211  91  -0.360191  -0.0313257  -0.490253  0.624937
-211  91  0.136609  -0.115442  0.216959  0.31391
-211  91  0.44691  -0.546684  -1.0636  1.28426
2112  91  -0.273136  -0.342895  465.517  465.518
130  91  0.388197  -0.46196  534.702  534.703
211  91  -0.380142  0.0220986  -0.128165  0.425326
-211  91  0.000989319  -0.477533  -0.931577  1.0561
-2112  91  0.531081  1.08709  -0.847453  1.75065
-211  91  -0.318421  -1.46325  -1.46435  2.09912
211  91  -0.5865  -0.657039  -0.875638  1.24976
211  91  -1.41309  -1.91526  -2.27773  3.29736
-211  91  -2.34277  -5.04714  -4.63369  7.24243
211  91  -0.422594  -0.334819  -0.334223  0.649518
2212  91  -0.237345  0.106986  8.9505  9.0033
-2112  91  0.114287  -0.18103  52.8138  52.8226
130  91  -0.285644  -0.475252  77.7861  77.7897
2112  91  0.0933369  -0.904495  313.691  313.694
-211  91  0.292151  -0.177724  109.559  109.559
211  91  1.64928  -0.809058  -10.2619  10.4259
-211  91  0.405525  -0.49625  -5.5488  5.58743
-211  91  -0.0652832  -0.344943  -5.78684  5.79916
211  91  -0.186716  0.110248  -13.816  13.8184
-211  91  -0.0161189  -0.434664  -35.6325  35.6355
211  91  0.334533  -0.0870803  -37.2858  37.2877
211  91  -0.625838  0.309833  454.288  454.288
-211  91  0.165389  -0.237487  262.49  262.491
2112  91  0.302825  -0.505261  133.14  133.144
-211  91  0.15454  0.0950633  44.6617  44.6623
211  91  -0.57219  -0.191892  8.80523  8.82699
-211  91  0.0340737  0.281894  3.57801  3.59198
2212  91  0.527795  -0.192808  1.52564  1.87714
211  91  -0.097359  0.0899057  0.247277  0.313349
-2212  91  0.00977146  -0.194366  -1.22388  1.55438
211  91  0.233956  0.0895103  -0.586786  0.653104
-211  91  0.058057  -0.401268  -15.7996  15.8054
2112  91  -0.346134  0.0683318  -136.936  136.94
130  91  0.0205871  0.0446983  0.421006  0.653669
130  91  0.0128943  -0.387421  -16.724  16.7359
130  91  0.311272  -0.10856  -69.6589  69.6614
22  91  -0.54922  0.569781  -10.6391  10.6685
321  91  -1.06076  0.644987  -14.3854  14.4473
-211  91  -2.39147  2.40334  -37.8047  37.9567
22  91  5.06945  -3.15065  0.14712  5.97056
22  91  8.64964  -5.58277  0.231381  10.2974
211  91  5.97184  -3.30059  0.268551  6.82996
-211  91  2.52767  -1.16309  0.376071  2.81119
22  91  0.544106  -0.548024  -0.202006  0.798241
22  91  0.474187  0.0653085  -0.0669108  0.483317
22  91  0.0235208  -1.26318  0.668829  1.42952
22  91  0.0165334  -0.0882621  0.0883502  0.125973
22  91  0.139316  0.350902  -0.0741708  0.384763
22  91  -0.0221583  0.0084385  -0.0026292  0.023856
22  91  0.481771  0.802446  0.133527  0.945438
22  91  0.164521  0.349503  0.134898  0.409166
22  91  -0.385508  0.0758425  26.2871  26.29
22  91  -1.81714  0.553406  112.845  112.861
22  91  -0.500851  0.324597  17.1083  17.1187
22  91  -0.35829  0.178209  14.7477  14.7532
211  91  -0.558139  0.263227  22.5885  22.5974
-211  91  -0.675868  0.435394  16.3224  16.3428
22  91  -0.637353  0.343969  8.64158  8.67188
22  91  -0.090887  0.00227115  1.38577  1.38874
211  91  -0.0946622  0.0688284  1.08142  1.09665
-211  91  0.111824  -0.209261  0.896557  0.937864
22  91  -0.248022  0.513472  2.99673  3.0505
22  91  -0.28097  0.318048  2.29928  2.33811
211  91  -0.0592413  0.0816918  1.01913  1.03358
-211  91  -0.0866185  -0.0840553  0.534898  0.56583
22  91  1.23664  1.28238  2.34061  2.94147
22  91  1.90845  2.22999  5.09258  5.87788
22  91  0.775739  0.626427  0.417891  1.08112
22  91  1.05807  0.687756  0.615368  1.40399
22  91  0.313849  0.0974115  0.0883057  0.340277
22  91  0.0785492  -0.0151305  -0.0326753  0.0864094
22  91  0.0488403  -0.0137791  -0.0791951  0.094059
22  91  0.27929  -0.188862  -0.0963226  0.350642
22  91  0.523452  -0.821263  1.11566  1.48094
22  91  0.341336  -0.515481  0.555528  0.831169
22  91  -0.129721  -0.0152046  -0.122401  0.179
22  91  -0.165389  0.085254  -0.381145  0.424138
211  91  0.0616375  -0.55066  -2.15028  2.22491
-211  91  0.201163  -0.466499  -2.24835  2.30925
-2112  91  0.192299  0.488688  69.8251  69.8334
211  91  0.137074  -0.00681072  29.3163  29.317
22  91  0.220649  -0.584332  -18.4799  18.4905
22  91  0.0263879  -0.238564  -9.04785  9.05104
22  91  0.198308  0.0266241  -0.591438  0.624367
22  91  0.229996  -0.114689  -0.685229  0.73184
22  91  0.21494  -0.301881  -0.168929  0.407269
22  91  0.0146563  -0.174895  -0.0844738  0.194779
211  91  -0.310086  -0.421684  -0.310472  0.624374
-211  91  0.00251365  -0.0986008  -0.358323  0.396993
22  91  -0.676427  -0.543737  -0.751941  1.14831
22  91  -1.45875  -2.28267  -1.82988  3.2691
22  91  -0.0823602  -0.121145  0.35336  0.382522
22  91  0.512575  0.0179601  0.415435  0.660032
22  91  0.212313  0.00802868  1.20329  1.2219
22  91  0.186839  -0.0973871  1.74797  1.76062
211  91  0.180178  -0.174476  32.0258  32.0271
-211  91  0.266783  0.0948508  26.0809  26.0828
22  91  0.173888  -0.0784051  75.2353  75.2355
22  91  0.793688  -0.419767  257.491  257.493
22  91  0.0205034  -0.00871058  4.99621  4.99626
22  91  -0.14499  -0.407743  87.8215  87.8225
211  91  -0.269788  0.0646435  -324.548  324.548
-211  91  -0.00191358  -0.155989  -95.3997  95.4
211  91  0.0859352  -0.0699023  -396.308  396.308
-211  91  -0.0674749  -0.00914598  -28.5592  28.5596
22  91  0.140415  -0.481754  -164.875  164.876
22  91  -0.0234072  -0.0342102  -9.33288  9.33297
211  91  0.794414  -0.501076  -4.92304  5.01377
-211  91  -0.0253947  -0.52309  -3.20973  3.25516
211  91  0.501912  -0.304653  -3.71715  3.76582
-211  91  0.195059  0.0271014  -1.35336  1.37471
22  91  0.226518  -0.0456136  -1.68987  1.70559
22  91  0.00622722  -0.0541991  -0.511735  0.514635
211  91  0.103562  -0.310111  -1.13426  1.18867
-211  91  0.115138  -0.0576379  -0.660908  0.687647
211  91  0.334804  -0.0214547  -2.35214  2.38004
-211  91  0.105628  0.180784  -4.86637  4.87288
22  91  -0.270269  -0.161005  -30.5067  30.5083
22  91  -0.0634223  -0.0956344  -19.2405  19.2408
22  91  -0.00636927  0.0218107  -19.8459  19.8459
22  91  0.0919789  0.103249  -17.9977  17.9983
22  91  -0.00860303  -0.117456  -0.495103  0.508918
22  91  -0.0634671  -0.0299823  -0.846915  0.849819
22  91  0.303978  0.103427  -251.831  251.831
22  91  0.0577235  0.0368575  -22.9104  22.9105
22  91  -0.0792136  -0.236503  0.101943  0.269446
22  91  0.045877  -0.222704  0.150864  0.272877
211  91  -0.000807236  0.102734  -0.111727  0.206198
-211  91  0.454571  0.0991255  0.104625  0.496877
22  91  -0.146934  0.314674  12.1526  12.1576
22  91  -0.0579662  0.344197  9.24732  9.2539
22  91  -0.248573  0.00383749  3.70427  3.7126
22  91  -0.28098  0.0841888  2.88314  2.89803
22  91  -0.148865  -0.297358  4.60064  4.61264
22  91  -0.338443  -0.324852  6.71354  6.72991
22  91  0.0332412  -0.0477882  0.0336691  0.067248
22  91  0.0807019  0.0943836  0.0897724  0.153232
211  91  1.17791  0.511642  1.89181  2.29078
-211  91  0.872168  0.653561  2.16577  2.42855
22  91  0.44214  0.269619  0.549592  0.755137
22  91  0.362726  0.378654  0.54458  0.755988
22  91  0.19258  0.0219634  0.0332426  0.196658
22  91  0.67081  -0.137291  0.256854  0.731306
22  91  0.158324  -0.183809  0.161232  0.291287
22  91  0.10963  -0.109787  -0.00858427  0.155389
22  91  0.227568  0.0728282  0.336628  0.412807
22  91  0.149242  0.0724673  0.485251  0.512829
22  91  0.239521  -0.449331  1.00499  1.12662
22  91  0.469898  -1.08946  1.9668  2.29696
22  91  0.312936  0.155788  -0.190896  0.398297
22  91  0.00642948  -0.0213147  -0.0104294  0.0245851
22  91  0.129318  0.164921  -0.609212  0.644252
22  91  0.100603  0.066814  -0.145882  0.189385
22  91  0.0233549  0.0491447  10.3644  10.3645
22  91  -0.00620541  0.21471  123.04  123.04
22  91  0.0073147  -0.00749513  0.0493945  0.0504925
22  91  0.245323  0.0999105  0.0761433  0.275615
22  91  -0.0451403  0.0812448  -0.0319772  0.0982899
22  91  0.0685029  0.0235885  -0.0771114  0.105808
22  91  0.0154701  -0.0905471  0.109634  0.143031
22  91  0.0490086  -0.167625  0.651439  0.674442
22  91  0.026123  0.446176  -0.638883  0.779696
22  91  -0.018041  0.0060023  -0.0653652  0.0680743
22  91  -0.719758  -1.08971  -1.67078  2.12061
22  91  -0.504869  -0.704329  -1.28736  1.55186
22  91  -2.54018  -4.82141  -4.80911  7.26815
22  91  -1.0036  -2.05218  -1.94439  2.99988
22  91  -0.508906  -1.26044  -1.32249  1.89649
22  91  -0.922085  -2.23718  -2.61096  3.55982
211  91  -0.320433  -0.271768  0.37962  0.583204
-211  91  -0.0432337  0.0235092  0.486007  0.50804
22  91  -0.0426505  -0.114234  2.85317  2.85578
22  91  0.0839537  -0.0667934  2.25118  2.25373
22  91  -0.00691608  -0.224867  3.49092  3.49816
22  91  -0.0412597  -0.00589729  0.380182  0.382459
211  91  0.00622899  -0.124756  38.2636  38.2641
-211  91  -0.098327  -0.551178  41.5096  41.5136
22  91  0.169701  -0.0953854  -6.9782  6.98091
22  91  0.440717  -0.14224  -11.1231  11.1328
22  91  -0.265997  -0.510214  -72.7562  72.7585
22  91  -0.0420427  -0.0109279  -4.2197  4.21992
22  91  -0.12387  0.192924  -1.99519  2.00832
22  91  -0.2965  0.177243  -3.47814  3.49525
22  91  -0.271312  0.0509329  -85.9248  85.9253
22  91  -0.00327064  0.00534291  -0.165301  0.16542
211  91  0.838433  1.13587  2.1888  2.60835
-211  91  0.457911  0.246965  0.944786  1.08755
22  91  -0.143153  0.855668  -9.72167  9.7603
22  91  0.0199725  0.0277166  -0.329691  0.331456
22  91  0.883686  -0.490614  -0.0547838  1.01223
22  91  0.543383  -0.280157  0.0701871  0.615369
22  91  0.0362903  0.0576568  4.5844  4.58491
22  91  -0.0655109  0.0571775  1.91188  1.91386
22  91  -0.403052  -0.185072  2.83228  2.8668
22  91  -0.012929  -0.0110644  0.447376  0.4477
22  91  0.0672822  0.253712  0.361628  0.446846
22  91  -0.0619816  0.142407  0.183239  0.240204
22  91  -0.0574699  -0.20157  -0.499233  0.541449
22  91  0.0132507  -0.257333  -1.01253  1.04481
22  91  -0.0196369  0.000980507  0.190484  0.191496
22  91  0.179889  0.123747  4.66464  4.66975
22  91  -0.0101416  0.0719707  4.71832  4.71888
22  91  -0.066483  0.0025753  1.11673  1.11871
22  91  -0.0426105  -0.0404107  1.52496  1.52609
22  91  0.0743347  0.00267416  0.868387  0.871567
22  91  0.0181083  -0.00908907  0.0545393  0.0581812
22  91  -0.0817556  -0.155215  0.0229908  0.17693
22  91  -0.0217423  0.0319184  0.497749  0.499245
22  91  0.0833081  -0.0750599  2.40541  2.40803
22  91  -0.0451461  -0.0896205  -141.029  141.03
22  91  -0.0598976  -0.0353702  -395.532  395.532
22  91  -0.0330828  -0.0310334  -68.144  68.144
22  91  0.0311437  -0.0819287  -25.5715  25.5716
22  91  0.0899509  -0.123165  -1.36646  1.37495
22  91  0.162101  -0.0797624  -0.841029  0.860214
22  91  -0.0126777  -0.0132495  -0.218154  0.218923
22  91  0.210003  -0.00928564  -0.798473  0.825679
22  91  0.0929983  -0.10411  -1.04732  1.05658
22  91  0.181439  -0.0954072  -3.10699  3.11374
22  91  0.705241  0.558513  1.65076  1.87998
22  91  1.06911  0.667419  2.15878  2.49975
22  91  0.346228  0.467571  0.93429  1.10063
22  91  0.0772857  0.0530979  0.0810266  0.123927
211  91  -2.99215  3.55906  -69.0965  69.253
-211  91  -1.82074  2.02882  -39.347  39.4415
211  91  -2.98932  3.38779  -63.7786  63.9385
22  91  -12.0167  15.0421  -273.861  274.537
22  91  -5.73901  7.03745  -128.953  129.272
22  91  -1.6681  1.89595  -36.4658  36.5531
22  91  -7.94909  9.39374  -180.328  180.748
22  91  -3.81118  4.58823  -87.0289  87.2331
22  91  -0.835472  1.10767  -20.2483  20.2958
22  91  -0.466193  0.649541  -11.6322  11.6596
22  91  -1.83436  2.12579  -40.3926  40.4901
